0.000000e+00 5.538461625924874e+00 -6.554710e-10 -6.632122e-12 -5.538462e+00 -6.554710e-10 -6.632122e-12 -5.538462e+00 -0.0000e+00 -0.0000e+00 -0.0000e+00 1.000000e+00 0.000000e+00 0.000000e+00 0.000000e+00 1.000000e+00 0.000000e+00 0.000000e+00 0.000000e+00 1.000000e+00 1.7791e-02 0
5.006771e-01 5.538401849725803e+00 -6.771786e-03 -1.038189e-10 -5.538398e+00 -6.771786e-03 -1.038189e-10 -5.538398e+00 -4.0590e-02 -3.7227e-09 3.7565e-04 1.000000e+00 0.000000e+00 0.000000e+00 0.000000e+00 1.000000e+00 0.000000e+00 0.000000e+00 0.000000e+00 1.000000e+00 1.7791e-02 0
9.994588e-01 5.538302253486901e+00 -3.812800e-03 1.776326e-09 -5.538301e+00 -3.943559e-02 -4.176508e-11 -5.538162e+00 -8.4552e-02 -1.2119e-08 1.4444e-04 9.999793e-01 -2.019604e-12 6.432093e-03 -9.189954e-14 1.000000e+00 3.282759e-10 -6.432093e-03 -3.282697e-10 9.999793e-01 3.5580e-02 0
1.500139e+00 5.538131784877216e+00 1.953295e-02 1.107164e-08 -5.538097e+00 -8.730234e-02 1.586111e-10 -5.537444e+00 -1.0410e-01 -5.3397e-08 5.0758e-04 9.998139e-01 -3.783355e-11 1.929032e-02 -1.787813e-13 1.000000e+00 1.970538e-09 -1.929032e-02 -1.970175e-09 9.998139e-01 3.5579e-02 0
2.000820e+00 5.537160017093386e+00 -3.513945e-02 1.149627e-08 -5.537049e+00 -1.419443e-01 5.853131e-10 -5.535340e+00 -1.1317e-01 -4.0824e-07 3.8226e-03 9.998139e-01 -3.783355e-11 1.929032e-02 -1.787813e-13 1.000000e+00 1.970538e-09 -1.929032e-02 -1.970175e-09 9.998139e-01 3.5579e-02 0
2.499618e+00 5.535012862685440e+00 -2.167920e-02 1.386527e-07 -5.534970e+00 -1.995068e-01 1.143323e-08 -5.531416e+00 -1.1770e-01 1.0452e-05 5.4743e-03 9.994837e-01 -7.396781e-10 3.213004e-02 1.180737e-12 1.000000e+00 2.298466e-08 -3.213004e-02 -2.297276e-08 9.994837e-01 3.5572e-02 0
3.000340e+00 5.532428394393149e+00 -1.017672e-02 -5.036637e-06 -5.532419e+00 -2.589296e-01 -7.034605e-07 -5.526366e+00 -1.2063e-01 -8.5976e-06 4.7916e-03 9.989886e-01 3.518701e-08 4.496463e-02 3.083255e-11 1.000000e+00 -7.832336e-07 -4.496463e-02 7.824428e-07 9.989886e-01 3.5554e-02 0
3.499194e+00 5.530593860936341e+00 1.328728e-04 -2.974805e-07 -5.530594e+00 -3.194055e-01 -4.140871e-07 -5.521363e+00 -1.2296e-01 2.6174e-05 2.5447e-03 9.983295e-01 1.158569e-09 5.777646e-02 -2.380697e-09 1.000000e+00 2.108387e-08 -5.777646e-02 -2.118619e-08 9.983295e-01 3.5535e-02 0
3.999968e+00 5.529745252523264e+00 9.412042e-03 -1.109652e-05 -5.529737e+00 -3.811308e-01 -1.561442e-06 -5.516595e+00 -1.2444e-01 3.8455e-05 9.8435e-04 9.975032e-01 1.245147e-07 7.062169e-02 -2.746387e-09 1.000000e+00 -1.724332e-06 -7.062169e-02 1.719832e-06 9.975032e-01 3.5526e-02 0
4.500756e+00 5.529300851971123e+00 1.820789e-02 -8.504442e-06 -5.529271e+00 -4.433754e-01 -2.537238e-06 -5.511496e+00 -1.2517e-01 2.5815e-05 5.4765e-04 9.965104e-01 9.911487e-08 8.346846e-02 -9.064624e-09 1.000000e+00 -1.079233e-06 -8.346846e-02 1.074710e-06 9.965104e-01 3.5522e-02 0
4.999652e+00 5.528802129747383e+00 2.698512e-02 -4.096573e-06 -5.528736e+00 -5.055381e-01 -2.005337e-06 -5.505641e+00 -1.2547e-01 1.2989e-05 6.1197e-04 9.953527e-01 5.050019e-08 9.629647e-02 -1.413524e-08 1.000000e+00 -3.783175e-07 -9.629647e-02 3.751982e-07 9.953527e-01 3.5519e-02 0
5.500452e+00 5.528103128285311e+00 3.538544e-02 -1.728933e-06 -5.527990e+00 -5.678712e-01 -1.085013e-06 -5.498859e+00 -1.2561e-01 6.0490e-06 8.1061e-04 9.940319e-01 2.923317e-08 1.090895e-01 -1.661359e-08 1.000000e+00 -1.165899e-07 -1.090895e-01 1.140817e-07 9.940319e-01 3.5514e-02 0
5.999364e+00 5.527280877732501e+00 -2.726419e-02 -1.119373e-06 -5.527214e+00 -6.300622e-01 -4.745028e-07 -5.491253e+00 -1.2552e-01 2.3507e-06 2.4468e-03 9.940319e-01 2.923317e-08 1.090895e-01 -1.661359e-08 1.000000e+00 -1.165899e-07 -1.090895e-01 1.140817e-07 9.940319e-01 3.5514e-02 0
6.500184e+00 5.526331701729596e+00 -1.896140e-02 -3.257120e-07 -5.526299e+00 -6.923081e-01 -1.872886e-07 -5.482796e+00 -1.2567e-01 5.7210e-07 2.3841e-03 9.925461e-01 2.053476e-08 1.218696e-01 -1.762086e-08 1.000000e+00 -2.498766e-08 -1.218696e-01 2.265395e-08 9.925461e-01 3.5508e-02 0
6.999118e+00 5.525366012198391e+00 -1.052676e-02 4.588421e-08 -5.525356e+00 -7.543824e-01 -4.855950e-08 -5.473626e+00 -1.2600e-01 4.9871e-07 2.1647e-03 9.908941e-01 1.549577e-08 1.346432e-01 -1.796540e-08 1.000000e+00 1.712701e-08 -1.346432e-01 -1.938997e-08 9.908941e-01 3.5501e-02 0
7.499961e+00 5.524440260994049e+00 -2.625834e-03 -2.372650e-07 -5.524440e+00 -8.168390e-01 -3.494913e-08 -5.463718e+00 -1.2659e-01 -1.0240e-06 1.8641e-03 9.890786e-01 2.321246e-08 1.473890e-01 -1.801277e-08 1.000000e+00 -3.661340e-08 -1.473890e-01 3.355865e-08 9.890786e-01 3.5494e-02 0
8.000816e+00 5.523572615927424e+00 4.852865e-03 4.152964e-07 -5.523570e+00 -8.794967e-01 1.565498e-08 -5.453104e+00 -1.2751e-01 1.4269e-06 1.5210e-03 9.871019e-01 6.305548e-09 1.600934e-01 -1.811979e-08 1.000000e+00 7.233609e-08 -1.600934e-01 -7.430395e-08 9.871019e-01 3.5487e-02 0
8.499785e+00 5.522823635983819e+00 1.213057e-02 -5.098485e-07 -5.522810e+00 -9.423383e-01 6.144656e-09 -5.441836e+00 -1.2871e-01 -1.7753e-06 1.0809e-03 9.849587e-01 3.384154e-08 1.727900e-01 -1.796121e-08 1.000000e+00 -9.346891e-08 -1.727900e-01 8.895950e-08 9.849587e-01 3.5481e-02 0
9.000660e+00 5.522271917682352e+00 1.847020e-02 5.648219e-07 -5.522241e+00 -1.006025e+00 -3.486158e-08 -5.429862e+00 -1.3008e-01 2.0502e-06 4.6658e-04 9.826511e-01 -2.282991e-09 1.854637e-01 -1.816110e-08 1.000000e+00 1.085335e-07 -1.854637e-01 -1.100188e-07 9.826511e-01 3.5477e-02 0
9.499645e+00 5.522011062268457e+00 2.430944e-02 -5.324399e-07 -5.521958e+00 -1.070003e+00 6.988636e-08 -5.417352e+00 -1.3165e-01 -2.0459e-06 -3.8018e-04 9.801844e-01 3.919505e-08 1.980874e-01 -1.792761e-08 1.000000e+00 -1.091573e-07 -1.980874e-01 1.034431e-07 9.801844e-01 3.5475e-02 0
1.000053e+01 5.522259800042294e+00 2.918798e-02 3.890752e-07 -5.522183e+00 -1.135029e+00 -9.469923e-08 -5.404356e+00 -1.3317e-01 1.7206e-06 -1.5840e-03 9.775493e-01 -6.887102e-10 2.107069e-01 -1.815784e-08 1.000000e+00 8.750967e-08 -2.107069e-01 -8.937100e-08 9.775493e-01 3.5476e-02 0
1.049952e+01 5.523155967672033e+00 3.353956e-02 -2.167705e-07 -5.523054e+00 -1.200437e+00 8.620723e-08 -5.391123e+00 -1.3470e-01 -1.2626e-06 -2.9980e-03 9.747567e-01 2.980141e-08 2.232696e-01 -1.798310e-08 1.000000e+00 -5.496612e-08 -2.232696e-01 4.956351e-08 9.747567e-01 3.5482e-02 0
1.100039e+01 5.524745755695184e+00 -3.435760e-02 -3.474321e-07 -5.524639e+00 -1.266974e+00 -4.314633e-08 -5.377508e+00 -1.3609e-01 -4.1105e-07 -2.7638e-03 9.747567e-01 2.980141e-08 2.232696e-01 -1.798310e-08 1.000000e+00 -5.496612e-08 -2.232696e-01 4.956351e-08 9.747567e-01 3.5482e-02 0
1.149934e+01 5.526924258597352e+00 -3.139723e-02 1.965112e-07 -5.526835e+00 -1.333745e+00 2.205297e-08 -5.363583e+00 -1.3744e-01 2.1442e-07 -3.7779e-03 9.718014e-01 1.010861e-08 2.358009e-01 -1.808606e-08 1.000000e+00 3.166842e-08 -2.358009e-01 -3.504012e-08 9.718014e-01 3.5493e-02 0
1.200017e+01 5.529439164374315e+00 -2.938955e-02 -1.532922e-07 -5.529361e+00 -1.401321e+00 -2.027042e-08 -5.348925e+00 -1.3860e-01 -3.5150e-07 -4.1017e-03 9.686873e-01 2.341348e-08 2.482840e-01 -1.802874e-08 1.000000e+00 -2.396153e-08 -2.482840e-01 1.873499e-08 9.686873e-01 3.5508e-02 0
1.249906e+01 5.531895324801445e+00 -2.779479e-02 1.496040e-07 -5.531825e+00 -1.468978e+00 1.884816e-08 -5.333289e+00 -1.3955e-01 3.5401e-07 -3.6654e-03 9.654200e-01 1.127086e-08 2.606995e-01 -1.808198e-08 1.000000e+00 2.372787e-08 -2.606995e-01 -2.762132e-08 9.654200e-01 3.5525e-02 0
1.299983e+01 5.533949350648129e+00 -2.686402e-02 -1.261922e-07 -5.533884e+00 -1.536995e+00 -1.540253e-08 -5.316224e+00 -1.4031e-01 -1.9966e-07 -2.5967e-03 9.619934e-01 2.278862e-08 2.730725e-01 -1.803083e-08 1.000000e+00 -1.993271e-08 -2.730725e-01 1.425142e-08 9.619934e-01 3.5540e-02 0
1.350056e+01 5.535328344607465e+00 -2.608602e-02 6.704548e-08 -5.535267e+00 -1.604918e+00 5.228500e-09 -5.297556e+00 -1.4086e-01 -1.9534e-08 -1.1904e-03 9.584003e-01 1.411018e-08 2.854275e-01 -1.807397e-08 1.000000e+00 1.125302e-08 -2.854275e-01 -1.594370e-08 9.584003e-01 3.5553e-02 0
1.399938e+01 5.535913541586811e+00 -2.519735e-02 7.907021e-09 -5.535856e+00 -1.672315e+00 3.581951e-09 -5.277282e+00 -1.4122e-01 -1.8991e-07 2.7686e-04 9.546462e-01 1.698064e-08 2.977427e-01 -1.805668e-08 1.000000e+00 8.634708e-10 -2.977427e-01 -6.200553e-09 9.546462e-01 3.5561e-02 0
1.450010e+01 5.535722673370250e+00 -2.475832e-02 5.415815e-08 -5.535667e+00 -1.739573e+00 9.370957e-09 -5.255294e+00 -1.4139e-01 -1.8835e-07 1.6602e-03 9.507379e-01 1.462684e-08 3.099959e-01 -1.804907e-08 1.000000e+00 8.171383e-09 -3.099959e-01 -1.336398e-08 9.507379e-01 3.5564e-02 0
1.500081e+01 5.534858109982976e+00 -2.424731e-02 2.878838e-08 -5.534805e+00 -1.806355e+00 7.148741e-09 -5.231801e+00 -1.4142e-01 -2.3625e-08 2.8509e-03 9.466663e-01 1.577946e-08 3.222156e-01 -1.802608e-08 1.000000e+00 3.988709e-09 -3.222156e-01 -9.584261e-09 9.466663e-01 3.5562e-02 0
1.549964e+01 5.533447227396602e+00 -2.343348e-02 -3.857118e-08 -5.533398e+00 -1.872377e+00 -4.932011e-09 -5.207038e+00 -1.4138e-01 -1.8005e-07 3.8145e-03 9.424361e-01 1.898139e-08 3.343863e-01 -1.801083e-08 1.000000e+00 -6.003023e-09 -3.343863e-01 -3.651081e-10 9.424361e-01 3.5556e-02 0
1.600038e+01 5.531598841784014e+00 -2.288721e-02 1.146161e-07 -5.531551e+00 -1.938154e+00 1.478940e-08 -5.180940e+00 -1.4136e-01 3.6058e-07 4.5505e-03 9.380498e-01 1.062974e-08 3.465004e-01 -1.802549e-08 1.000000e+00 1.812137e-08 -3.465004e-01 -2.324459e-08 9.380498e-01 3.5546e-02 0
1.649925e+01 5.529449246223486e+00 -2.208816e-02 -1.935743e-07 -5.529405e+00 -2.003228e+00 -2.548237e-08 -5.153823e+00 -1.4141e-01 -5.2667e-07 5.0393e-03 9.335077e-01 2.766399e-08 3.585573e-01 -1.798564e-08 1.000000e+00 -3.032780e-08 -3.585573e-01 2.186235e-08 9.335077e-01 3.5533e-02 0
1.700004e+01 5.527102949317196e+00 -2.187231e-02 2.538805e-07 -5.527060e+00 -2.068177e+00 2.715399e-08 -5.125574e+00 -1.4154e-01 6.5630e-07 5.3057e-03 9.288263e-01 1.548728e-09 3.705155e-01 -1.805955e-08 1.000000e+00 4.109264e-08 -3.705155e-01 -4.485927e-08 9.288263e-01 3.5519e-02 0
1.750086e+01 5.524675263343434e+00 -2.169474e-02 -3.015778e-07 -5.524633e+00 -2.132812e+00 -3.484140e-08 -5.096386e+00 -1.4175e-01 -7.5745e-07 5.3696e-03 9.239859e-01 3.504649e-08 3.824265e-01 -1.797586e-08 1.000000e+00 -4.821071e-08 -3.824265e-01 3.767157e-08 9.239859e-01 3.5504e-02 0
1.799982e+01 5.522268306240115e+00 -2.154789e-02 3.285696e-07 -5.522226e+00 -2.196950e+00 3.291906e-08 -5.066444e+00 -1.4200e-01 7.9646e-07 5.2730e-03 9.190025e-01 -4.517269e-09 3.942517e-01 -1.808277e-08 1.000000e+00 5.360884e-08 -3.942517e-01 -5.639582e-08 9.190025e-01 3.5488e-02 0
1.850070e+01 5.519923878207710e+00 -2.166956e-02 -3.451309e-07 -5.519881e+00 -2.261092e+00 -3.781379e-08 -5.035576e+00 -1.4232e-01 -8.2201e-07 5.0971e-03 9.138556e-01 3.900700e-08 4.060394e-01 -1.797832e-08 1.000000e+00 -5.560400e-08 -4.060394e-01 4.351412e-08 9.138556e-01 3.5473e-02 0
1.899972e+01 5.517704732631801e+00 -2.182722e-02 3.427667e-07 -5.517662e+00 -2.324798e+00 3.297716e-08 -5.004036e+00 -1.4262e-01 7.8194e-07 4.8542e-03 9.085651e-01 -7.041679e-09 4.177433e-01 -1.809718e-08 1.000000e+00 5.621668e-08 -4.177433e-01 -5.863648e-08 9.085651e-01 3.5458e-02 0
1.950066e+01 5.515596589710791e+00 -2.224332e-02 -3.314116e-07 -5.515552e+00 -2.388527e+00 -3.610574e-08 -4.971594e+00 -1.4298e-01 -7.4436e-07 4.5899e-03 9.031092e-01 3.920817e-08 4.294110e-01 -1.799164e-08 1.000000e+00 -5.346803e-08 -4.294110e-01 4.056166e-08 9.031092e-01 3.5444e-02 0
1.999973e+01 5.513639835714473e+00 -2.268257e-02 3.080930e-07 -5.513593e+00 -2.451820e+00 2.879639e-08 -4.938502e+00 -1.4334e-01 6.8649e-07 4.3257e-03 8.975100e-01 -6.123961e-09 4.409941e-01 -1.810329e-08 1.000000e+00 5.073048e-08 -4.409941e-01 -5.351456e-08 8.975100e-01 3.5431e-02 0
2.050072e+01 5.511822394711485e+00 -2.368683e-02 -2.840775e-07 -5.511771e+00 -2.515168e+00 -3.240476e-08 -4.904500e+00 -1.4371e-01 -6.5745e-07 4.0920e-03 8.917673e-01 3.668749e-08 4.524943e-01 -1.801052e-08 1.000000e+00 -4.558356e-08 -4.524943e-01 3.250027e-08 8.917673e-01 3.5418e-02 0
2.099984e+01 5.510117400589730e+00 -2.468919e-02 2.542871e-07 -5.510062e+00 -2.578053e+00 2.375080e-08 -4.869808e+00 -1.4412e-01 6.1305e-07 3.8849e-03 8.858815e-01 -3.406158e-09 4.639116e-01 -1.810756e-08 1.000000e+00 4.192029e-08 -4.639116e-01 -4.553671e-08 8.858815e-01 3.5407e-02 0
2.150087e+01 5.508512536029016e+00 -2.593430e-02 -2.292002e-07 -5.508451e+00 -2.640920e+00 -2.819014e-08 -4.834176e+00 -1.4455e-01 -5.9030e-07 3.7669e-03 8.798302e-01 3.317171e-08 4.752882e-01 -1.803556e-08 1.000000e+00 -3.640630e-08 -4.752882e-01 2.345927e-08 8.798302e-01 3.5396e-02 0
2.200003e+01 5.506980206709410e+00 -2.721073e-02 2.006155e-07 -5.506913e+00 -2.703297e+00 1.895276e-08 -4.797813e+00 -1.4497e-01 5.1767e-07 3.7068e-03 8.736389e-01 -2.688736e-10 4.865748e-01 -1.811489e-08 1.000000e+00 3.307764e-08 -4.865748e-01 -3.771216e-08 8.736389e-01 3.5386e-02 0
2.249921e+01 5.505493283449172e+00 -2.875352e-02 -1.739148e-07 -5.505418e+00 -2.765393e+00 -2.355661e-08 -4.760574e+00 -1.4536e-01 -4.5215e-07 3.7205e-03 8.673067e-01 2.921269e-08 4.977741e-01 -1.806163e-08 1.000000e+00 -2.721661e-08 -4.977741e-01 1.461454e-08 8.673067e-01 3.5377e-02 0
2.300031e+01 5.503994456914931e+00 -3.085471e-02 1.563669e-07 -5.503908e+00 -2.827400e+00 1.496522e-08 -4.722263e+00 -1.4572e-01 3.3068e-07 3.7760e-03 8.608364e-01 2.475897e-09 5.088818e-01 -1.812348e-08 1.000000e+00 2.579274e-08 -5.088818e-01 -3.142604e-08 8.608364e-01 3.5367e-02 0
2.349953e+01 5.502504340403381e+00 -3.268259e-02 -1.505403e-07 -5.502407e+00 -2.888821e+00 -2.316730e-08 -4.683190e+00 -1.4605e-01 -2.9077e-07 3.8641e-03 8.542048e-01 2.742807e-08 5.199366e-01 -1.808479e-08 1.000000e+00 -2.304117e-08 -5.199366e-01 1.027894e-08 8.542048e-01 3.5358e-02 0
2.400066e+01 5.500987714862753e+00 -3.509974e-02 1.448658e-07 -5.500876e+00 -2.950091e+00 1.498049e-08 -4.643041e+00 -1.4630e-01 4.1519e-07 3.9579e-03 8.474423e-01 2.776769e-09 5.308875e-01 -1.814095e-08 1.000000e+00 2.372751e-08 -5.308875e-01 -2.973850e-08 8.474423e-01 3.5349e-02 0
2.449991e+01 5.499395713415701e+00 3.348462e-02 1.107118e-07 -5.499294e+00 -3.010557e+00 -2.708950e-08 -4.602162e+00 -1.4670e-01 8.0388e-07 2.1679e-03 8.335000e-01 1.353056e-09 5.525194e-01 -1.816076e-08 1.000000e+00 2.494743e-08 -5.525194e-01 -3.082785e-08 8.335000e-01 3.5330e-02 0
2.499919e+01 5.497885009264544e+00 3.077611e-02 -1.065984e-07 -5.497799e+00 -3.070850e+00 1.754293e-08 -4.560331e+00 -1.4676e-01 -4.0126e-07 2.1894e-03 8.263304e-01 2.774981e-08 5.631857e-01 -1.812330e-08 1.000000e+00 -2.268164e-08 -5.631857e-01 8.535744e-09 8.263304e-01 3.5320e-02 0
2.550038e+01 5.496278077975670e+00 2.802522e-02 1.174947e-07 -5.496207e+00 -3.130665e+00 -2.261286e-08 -4.517523e+00 -1.4702e-01 5.7016e-07 2.2587e-03 8.190089e-01 3.162407e-10 5.737808e-01 -1.818013e-08 1.000000e+00 2.539898e-08 -5.737808e-01 -3.123340e-08 8.190089e-01 3.5310e-02 0
2.599970e+01 5.494732528426379e+00 2.519202e-02 -1.159885e-07 -5.494675e+00 -3.189837e+00 1.173087e-08 -4.474039e+00 -1.4718e-01 -5.0361e-07 2.3786e-03 8.115713e-01 2.835253e-08 5.842534e-01 -1.814187e-08 1.000000e+00 -2.332738e-08 -5.842534e-01 8.332383e-09 8.115713e-01 3.5301e-02 0
2.650093e+01 5.493123506773919e+00 2.211679e-02 1.286032e-07 -5.493079e+00 -3.248667e+00 -1.760377e-08 -4.429511e+00 -1.4737e-01 4.6724e-07 2.5753e-03 8.039861e-01 -1.151141e-09 5.946481e-01 -1.820029e-08 1.000000e+00 2.654329e-08 -5.946481e-01 -3.216321e-08 8.039861e-01 3.5291e-02 0
2.700028e+01 5.491439923973517e+00 1.925997e-02 -1.436902e-07 -5.491406e+00 -3.306731e+00 5.747500e-09 -4.384226e+00 -1.4752e-01 -5.4992e-07 2.7795e-03 7.962578e-01 3.096334e-08 6.049575e-01 -1.816257e-08 1.000000e+00 -2.727672e-08 -6.049575e-01 1.073172e-08 7.962578e-01 3.5280e-02 0
2.749966e+01 5.489717547576685e+00 1.614808e-02 1.518477e-07 -5.489694e+00 -3.364201e+00 -1.491249e-08 -4.338104e+00 -1.4765e-01 5.6957e-07 3.0133e-03 7.884176e-01 -4.278602e-09 6.151404e-01 -1.823210e-08 1.000000e+00 3.032333e-08 -6.151404e-01 -3.512275e-08 7.884176e-01 3.5270e-02 0
2.799906e+01 5.487943303262498e+00 1.307256e-02 -1.617586e-07 -5.487928e+00 -3.421044e+00 8.381833e-10 -4.291151e+00 -1.4778e-01 -5.3347e-07 3.2001e-03 7.804363e-01 3.274630e-08 6.252353e-01 -1.818814e-08 1.000000e+00 -2.967141e-08 -6.252353e-01 1.178478e-08 7.804363e-01 3.5259e-02 0
2.850038e+01 5.486109642112980e+00 9.648582e-03 1.725148e-07 -5.486101e+00 -3.477525e+00 -9.484243e-09 -4.243138e+00 -1.4790e-01 5.0796e-07 3.2648e-03 7.723170e-01 -6.949401e-09 6.352374e-01 -1.826183e-08 1.000000e+00 3.314245e-08 -6.352374e-01 -3.719707e-08 7.723170e-01 3.5248e-02 0
2.899982e+01 5.484324173832978e+00 6.235046e-03 -1.756714e-07 -5.484321e+00 -3.533205e+00 -4.682099e-09 -4.194553e+00 -1.4801e-01 -5.5556e-07 3.2813e-03 7.640930e-01 3.404201e-08 6.451062e-01 -1.821196e-08 1.000000e+00 -3.119855e-08 -6.451062e-01 1.208994e-08 7.640930e-01 3.5237e-02 0
2.949929e+01 5.482588615376516e+00 2.870151e-03 1.711834e-07 -5.482588e+00 -3.588271e+00 -4.642397e-09 -4.145249e+00 -1.4815e-01 4.5955e-07 3.2633e-03 7.557324e-01 -7.174829e-09 6.548806e-01 -1.828799e-08 1.000000e+00 3.206028e-08 -6.548806e-01 -3.620544e-08 7.557324e-01 3.5226e-02 0
3.000068e+01 5.480931906806180e+00 -8.577064e-04 -1.686628e-07 -5.480932e+00 -3.643032e+00 -1.074616e-08 -4.094988e+00 -1.4826e-01 -3.8089e-07 3.1997e-03 7.472376e-01 3.277760e-08 6.645570e-01 -1.824357e-08 1.000000e+00 -2.880914e-08 -6.645570e-01 9.403383e-09 7.472376e-01 3.5215e-02 0
3.050019e+01 5.479363453400369e+00 -4.278214e-03 1.642325e-07 -5.479362e+00 -3.696986e+00 -7.370603e-11 -4.044220e+00 -1.4840e-01 4.8343e-07 3.1574e-03 7.386087e-01 -6.696633e-09 6.741344e-01 -1.831531e-08 1.000000e+00 3.000067e-08 -6.741344e-01 -3.450574e-08 7.386087e-01 3.5206e-02 0
3.099972e+01 5.477835263989475e+00 -7.958587e-03 -1.572682e-07 -5.477829e+00 -3.750312e+00 -1.505985e-08 -3.992724e+00 -1.4862e-01 -3.7858e-07 3.1580e-03 7.298810e-01 3.106724e-08 6.835742e-01 -1.827601e-08 1.000000e+00 -2.593416e-08 -6.835742e-01 6.435842e-09 7.298810e-01 3.5196e-02 0
3.149926e+01 5.476374769841270e+00 -1.172397e-02 1.513436e-07 -5.476362e+00 -3.803106e+00 3.363690e-09 -3.940440e+00 -1.4878e-01 2.9748e-07 3.1809e-03 7.210194e-01 -5.525407e-09 6.929148e-01 -1.834271e-08 1.000000e+00 2.706084e-08 -6.929148e-01 -3.222132e-08 7.210194e-01 3.5187e-02 0
3.200073e+01 5.474921284704322e+00 -1.573924e-02 -1.498683e-07 -5.474899e+00 -3.855428e+00 -1.905410e-08 -3.887214e+00 -1.4897e-01 -4.4122e-07 3.2670e-03 7.120252e-01 2.977729e-08 7.021539e-01 -1.831028e-08 1.000000e+00 -2.384080e-08 -7.021539e-01 4.118621e-09 7.120252e-01 3.5178e-02 0
3.250032e+01 5.473475037585652e+00 -1.973019e-02 1.466034e-07 -5.473439e+00 -3.906871e+00 6.311904e-09 -3.833444e+00 -1.4917e-01 3.2658e-07 3.3903e-03 7.029359e-01 -5.361419e-09 7.112532e-01 -1.837444e-08 1.000000e+00 2.569756e-08 -7.112532e-01 -3.113261e-08 7.029359e-01 3.5169e-02 0
3.299992e+01 5.472044386750277e+00 -2.381052e-02 -1.484464e-07 -5.471993e+00 -3.957706e+00 -2.282766e-08 -3.778867e+00 -1.4929e-01 -3.7212e-07 3.4840e-03 6.937173e-01 2.920339e-08 7.202474e-01 -1.834523e-08 1.000000e+00 -2.287684e-08 -7.202474e-01 2.656952e-09 6.937173e-01 3.5161e-02 0
3.349954e+01 5.470597590004471e+00 -2.808587e-02 1.431955e-07 -5.470525e+00 -4.007770e+00 8.423707e-09 -3.723602e+00 -1.4945e-01 4.5289e-07 3.6168e-03 6.844095e-01 -5.431723e-09 7.290978e-01 -1.840891e-08 1.000000e+00 2.473050e-08 -7.290978e-01 -3.034769e-08 6.844095e-01 3.5152e-02 0
3.399918e+01 5.469156953466141e+00 -3.240410e-02 -1.451023e-07 -5.469061e+00 -4.057153e+00 -2.585457e-08 -3.667586e+00 -1.4957e-01 -3.1307e-07 3.7206e-03 6.749778e-01 2.841505e-08 7.378381e-01 -1.838216e-08 1.000000e+00 -2.169514e-08 -7.378381e-01 1.080678e-09 6.749778e-01 3.5143e-02 0
3.450074e+01 5.467677270806838e+00 3.337578e-02 -9.972535e-08 -5.467575e+00 -4.106009e+00 1.418713e-08 -3.610565e+00 -1.4968e-01 -7.5285e-07 1.8128e-03 6.557509e-01 2.789349e-08 7.549773e-01 -1.842050e-08 1.000000e+00 -2.094663e-08 -7.549773e-01 -1.712865e-10 6.557509e-01 3.5126e-02 0
3.500042e+01 5.466282062729720e+00 2.876626e-02 9.999036e-08 -5.466206e+00 -4.153981e+00 -2.614189e-08 -3.553123e+00 -1.4974e-01 5.8825e-07 1.9078e-03 6.459991e-01 -5.599783e-09 7.633382e-01 -1.848289e-08 1.000000e+00 2.297765e-08 -7.633382e-01 -2.895224e-08 6.459991e-01 3.5117e-02 0
3.550012e+01 5.464888098828585e+00 2.424855e-02 -1.015996e-07 -5.464834e+00 -4.201135e+00 4.520442e-09 -3.495064e+00 -1.4987e-01 -4.0757e-07 2.0257e-03 6.361316e-01 2.679123e-08 7.715806e-01 -1.846302e-08 1.000000e+00 -1.950064e-08 -7.715806e-01 -1.840730e-09 6.361316e-01 3.5109e-02 0
3.599983e+01 5.463526307984621e+00 1.963306e-02 1.051470e-07 -5.463491e+00 -4.247606e+00 -1.826510e-08 -3.436271e+00 -1.4993e-01 3.7015e-07 2.1000e-03 6.261497e-01 -5.961939e-09 7.797029e-01 -1.852351e-08 1.000000e+00 2.252195e-08 -7.797029e-01 -2.854494e-08 6.261497e-01 3.5101e-02 0
3.649956e+01 5.462172321448658e+00 1.509413e-02 -1.064969e-07 -5.462151e+00 -4.293256e+00 -2.793263e-09 -3.376874e+00 -1.5006e-01 -4.1271e-07 2.2061e-03 6.160548e-01 2.639595e-08 7.877033e-01 -1.850557e-08 1.000000e+00 -1.903699e-08 -7.877033e-01 -2.849066e-09 6.160548e-01 3.5092e-02 0
3.699931e+01 5.460847918884541e+00 1.050013e-02 1.088974e-07 -5.460838e+00 -4.338172e+00 -1.267484e-08 -3.316794e+00 -1.5015e-01 2.4711e-07 2.2973e-03 6.058484e-01 -6.435130e-09 7.955801e-01 -1.856589e-08 1.000000e+00 2.222686e-08 -7.955801e-01 -2.823676e-08 6.058484e-01 3.5084e-02 0
3.749908e+01 5.459535247148199e+00 5.629595e-03 -1.070386e-07 -5.459532e+00 -4.382292e+00 -8.799912e-09 -3.256078e+00 -1.5024e-01 -3.8016e-07 2.3989e-03 5.955741e-01 2.551752e-08 8.033004e-01 -1.854946e-08 1.000000e+00 -1.801311e-08 -8.033004e-01 -4.172653e-09 5.955741e-01 3.5076e-02 0
3.800076e+01 5.458230885696211e+00 4.863628e-04 1.095692e-07 -5.458231e+00 -4.425764e+00 -7.539449e-09 -3.194510e+00 -1.5035e-01 2.0080e-07 2.5163e-03 5.851925e-01 -6.506646e-09 8.108944e-01 -1.860941e-08 1.000000e+00 2.145376e-08 -8.108944e-01 -2.764485e-08 5.851925e-01 3.5068e-02 0
3.850056e+01 5.456959712398460e+00 -4.417711e-03 -1.118525e-07 -5.456958e+00 -4.468297e+00 -1.461673e-08 -3.132527e+00 -1.5042e-01 -3.5133e-07 2.6152e-03 5.747053e-01 2.525694e-08 8.183604e-01 -1.859588e-08 1.000000e+00 -1.780363e-08 -8.183604e-01 -4.986289e-09 5.747053e-01 3.5061e-02 0
3.900037e+01 5.455692234712094e+00 -9.264247e-03 1.129005e-07 -5.455684e+00 -4.509967e+00 -4.050849e-09 -3.069980e+00 -1.5054e-01 2.1849e-07 2.7330e-03 5.641143e-01 -7.201714e-09 8.256967e-01 -1.865683e-08 1.000000e+00 2.146829e-08 -8.256967e-01 -2.751545e-08 5.641143e-01 3.5053e-02 0
3.950020e+01 5.454457880400168e+00 -1.419995e-02 -1.146065e-07 -5.454439e+00 -4.550869e+00 -1.917757e-08 -3.006776e+00 -1.5059e-01 -3.1929e-07 2.8144e-03 5.534213e-01 2.485052e-08 8.329015e-01 -1.864547e-08 1.000000e+00 -1.744710e-08 -8.329015e-01 -5.874245e-09 5.534213e-01 3.5046e-02 0
4.000005e+01 5.453228884995099e+00 -1.932890e-02 1.109274e-07 -5.453195e+00 -4.590871e+00 -7.400068e-10 -2.943061e+00 -1.5072e-01 2.5162e-07 2.9382e-03 5.426719e-01 -7.103534e-09 8.399447e-01 -1.870756e-08 1.000000e+00 2.054373e-08 -8.399447e-01 -2.686182e-08 5.426719e-01 3.5038e-02 0
4.049991e+01 5.452038615692635e+00 -2.456647e-02 -1.113030e-07 -5.451983e+00 -4.630101e+00 -2.296240e-08 -2.878695e+00 -1.5077e-01 -3.1601e-07 3.0134e-03 5.318247e-01 2.359528e-08 8.468544e-01 -1.869925e-08 1.000000e+00 -1.611912e-08 -8.468544e-01 -7.262999e-09 5.318247e-01 3.5031e-02 0
4.099979e+01 5.450858662778476e+00 -2.970226e-02 1.099921e-07 -5.450778e+00 -4.668413e+00 1.340756e-09 -2.813854e+00 -1.5089e-01 3.0182e-07 3.1301e-03 5.208814e-01 -7.330677e-09 8.536290e-01 -1.876076e-08 1.000000e+00 2.003541e-08 -8.536290e-01 -2.645080e-08 5.208814e-01 3.5024e-02 0
4.149968e+01 5.449720697921437e+00 -3.494987e-02 -1.104738e-07 -5.449609e+00 -4.705937e+00 -2.591273e-08 -2.748383e+00 -1.5093e-01 -3.3136e-07 3.2008e-03 5.098439e-01 2.280728e-08 8.602670e-01 -1.875490e-08 1.000000e+00 -1.539663e-08 -8.602670e-01 -8.284342e-09 5.098439e-01 3.5017e-02 0
4.199959e+01 5.448580786672263e+00 3.002951e-02 -7.600727e-08 -5.448498e+00 -4.742590e+00 2.259773e-09 -2.682326e+00 -1.5098e-01 -3.3764e-07 1.2703e-03 4.874933e-01 2.180433e-08 8.731268e-01 -1.881345e-08 1.000000e+00 -1.446858e-08 -8.731268e-01 -9.373193e-09 4.874933e-01 3.5003e-02 0
4.249951e+01 5.447497585512406e+00 2.461651e-02 7.589863e-08 -5.447442e+00 -4.778325e+00 -2.341093e-08 -2.615883e+00 -1.5107e-01 3.4546e-07 1.4055e-03 4.762303e-01 -6.966721e-09 8.793206e-01 -1.887475e-08 1.000000e+00 1.814520e-08 -8.793206e-01 -2.523825e-08 4.762303e-01 3.4997e-02 0
4.299945e+01 5.446448549715128e+00 1.910670e-02 -7.660697e-08 -5.446415e+00 -4.813227e+00 -6.594767e-09 -2.548852e+00 -1.5111e-01 -3.2150e-07 1.5053e-03 4.648811e-01 2.021534e-08 8.853731e-01 -1.887682e-08 1.000000e+00 -1.292095e-08 -8.853731e-01 -1.070632e-08 4.648811e-01 3.4990e-02 0
4.349940e+01 5.445405080709602e+00 1.368790e-02 7.888816e-08 -5.445388e+00 -4.847174e+00 -1.732278e-08 -2.481399e+00 -1.5121e-01 2.7482e-07 1.6453e-03 4.534478e-01 -7.117955e-09 8.912829e-01 -1.893736e-08 1.000000e+00 1.762073e-08 -8.912829e-01 -2.486862e-08 4.534478e-01 3.4984e-02 0
4.399936e+01 5.444394590843713e+00 8.169587e-03 -7.919584e-08 -5.444388e+00 -4.880271e+00 -1.245401e-08 -2.413378e+00 -1.5124e-01 -2.7067e-07 1.7467e-03 4.419319e-01 1.939347e-08 8.970486e-01 -1.894230e-08 1.000000e+00 -1.228725e-08 -8.970486e-01 -1.156204e-08 4.419319e-01 3.4978e-02 0
4.449934e+01 5.443388579903841e+00 2.743114e-03 7.998140e-08 -5.443388e+00 -4.912397e+00 -1.370388e-08 -2.344959e+00 -1.5135e-01 2.1977e-07 1.8863e-03 4.303355e-01 -7.349593e-09 9.026690e-01 -1.900251e-08 1.000000e+00 1.720126e-08 -9.026690e-01 -2.455529e-08 4.303355e-01 3.4972e-02 0
4.499932e+01 5.442416545504615e+00 -2.784815e-03 -8.106419e-08 -5.442416e+00 -4.943657e+00 -1.729386e-08 -2.275995e+00 -1.5139e-01 -2.2764e-07 1.9846e-03 4.186605e-01 1.859077e-08 9.081428e-01 -1.900977e-08 1.000000e+00 -1.170756e-08 -9.081428e-01 -1.236210e-08 4.186605e-01 3.4966e-02 0
4.549932e+01 5.441449300584261e+00 -8.505099e-03 7.724972e-08 -5.441443e+00 -4.973932e+00 -1.087861e-08 -2.206665e+00 -1.5149e-01 1.6259e-07 2.1298e-03 4.069571e-01 -7.060164e-09 9.134473e-01 -1.907091e-08 1.000000e+00 1.622557e-08 -9.134473e-01 -2.402338e-08 4.069571e-01 3.4960e-02 0
4.599934e+01 5.440517859451925e+00 -1.432735e-02 -7.822038e-08 -5.440499e+00 -5.003325e+00 -2.156256e-08 -2.136813e+00 -1.5152e-01 -2.3416e-07 2.2338e-03 3.951797e-01 1.706101e-08 9.186039e-01 -1.908183e-08 1.000000e+00 -1.036383e-08 -9.186039e-01 -1.343306e-08 3.951797e-01 3.4955e-02 0
4.649936e+01 5.439591340163580e+00 -2.005816e-02 7.710953e-08 -5.439554e+00 -5.031723e+00 -8.747222e-09 -2.066620e+00 -1.5162e-01 1.3254e-07 2.3744e-03 3.833303e-01 -7.305002e-09 9.236113e-01 -1.914348e-08 1.000000e+00 1.585437e-08 -9.236113e-01 -2.375860e-08 3.833303e-01 3.4949e-02 0
4.699940e+01 5.438701525576279e+00 -2.588054e-02 -7.811756e-08 -5.438640e+00 -5.059218e+00 -2.467661e-08 -1.995943e+00 -1.5165e-01 -2.6860e-07 2.4809e-03 3.714113e-01 1.615391e-08 9.284685e-01 -1.915741e-08 1.000000e+00 -9.734997e-09 -9.284685e-01 -1.417136e-08 3.714113e-01 3.4944e-02 0
4.749945e+01 5.437817154597496e+00 -3.162766e-02 7.642264e-08 -5.437725e+00 -5.085712e+00 -7.352614e-09 -1.924938e+00 -1.5173e-01 1.3455e-07 2.6157e-03 3.594246e-01 -7.573001e-09 9.331741e-01 -1.921984e-08 1.000000e+00 1.551809e-08 -9.331741e-01 -2.351304e-08 3.594246e-01 3.4939e-02 0
4.799951e+01 5.436948768951967e+00 3.255396e-02 5.465588e-08 -5.436851e+00 -5.111289e+00 -2.887772e-08 -1.853412e+00 -1.5174e-01 3.8317e-07 7.0901e-04 3.352569e-01 -7.895938e-09 9.421268e-01 -1.929965e-08 1.000000e+00 1.524877e-08 -9.421268e-01 -2.329497e-08 3.352569e-01 3.4928e-02 0
4.849958e+01 5.436128738503276e+00 2.677543e-02 -5.499763e-08 -5.436063e+00 -5.135885e+00 -8.757517e-09 -1.781623e+00 -1.5177e-01 -3.5082e-07 8.2931e-04 3.230800e-01 1.438170e-08 9.463717e-01 -1.931918e-08 1.000000e+00 -8.601334e-09 -9.463717e-01 -1.550420e-08 3.230800e-01 3.4923e-02 0
4.899966e+01 5.435335224053588e+00 2.069865e-02 5.464508e-08 -5.435296e+00 -5.159512e+00 -2.378904e-08 -1.709476e+00 -1.5181e-01 1.8824e-07 9.6664e-04 3.108943e-01 -7.619091e-09 9.504445e-01 -1.938329e-08 1.000000e+00 1.435670e-08 -9.504445e-01 -2.288616e-08 3.108943e-01 3.4919e-02 0
4.949975e+01 5.434550896606977e+00 1.466274e-02 -5.468602e-08 -5.434531e+00 -5.182131e+00 -1.506269e-08 -1.637027e+00 -1.5187e-01 -2.5699e-07 1.1155e-03 2.986519e-01 1.280400e-08 9.543621e-01 -1.940638e-08 1.000000e+00 -7.343388e-09 -9.543621e-01 -1.632759e-08 2.986519e-01 3.4914e-02 0
4.999985e+01 5.433797202795480e+00 8.555061e-03 5.687397e-08 -5.433790e+00 -5.203793e+00 -2.009028e-08 -1.564189e+00 -1.5189e-01 1.8708e-07 1.2372e-03 2.863548e-01 -7.965543e-09 9.581236e-01 -1.947218e-08 1.000000e+00 1.413335e-08 -9.581236e-01 -2.270391e-08 2.863548e-01 3.4909e-02 0
5.049996e+01 5.433049176984666e+00 2.532696e-03 -5.674249e-08 -5.433049e+00 -5.224422e+00 -1.980330e-08 -1.491119e+00 -1.5197e-01 -1.6073e-07 1.3930e-03 2.740051e-01 1.189003e-08 9.617282e-01 -1.949788e-08 1.000000e+00 -6.808069e-09 -9.617282e-01 -1.688621e-08 2.740051e-01 3.4905e-02 0
5.100008e+01 5.432335833815744e+00 -3.586653e-03 5.684947e-08 -5.432335e+00 -5.244092e+00 -1.796633e-08 -1.417663e+00 -1.5199e-01 1.8938e-07 1.5106e-03 2.616048e-01 -8.187392e-09 9.651751e-01 -1.956297e-08 1.000000e+00 1.378523e-08 -9.651751e-01 -2.248797e-08 2.616048e-01 3.4901e-02 0
5.150021e+01 5.431626528946500e+00 -9.622255e-03 -5.756283e-08 -5.431618e+00 -5.262720e+00 -2.368254e-08 -1.344002e+00 -1.5207e-01 -7.3442e-08 1.6602e-03 2.491561e-01 1.088888e-08 9.684633e-01 -1.959256e-08 1.000000e+00 -6.202897e-09 -9.684633e-01 -1.742918e-08 2.491561e-01 3.4896e-02 0
5.200035e+01 5.430952298929994e+00 -1.573011e-02 5.666045e-08 -5.430930e+00 -5.280372e+00 -1.663167e-08 -1.270007e+00 -1.5210e-01 2.0176e-07 1.7857e-03 2.366611e-01 -8.514826e-09 9.715923e-01 -1.965866e-08 1.000000e+00 1.355226e-08 -9.715923e-01 -2.230749e-08 2.366611e-01 3.4892e-02 0
5.250050e+01 5.430291919980961e+00 -2.180434e-02 -5.836836e-08 -5.430248e+00 -5.296995e+00 -2.705335e-08 -1.195788e+00 -1.5215e-01 -5.4935e-08 1.9264e-03 2.241220e-01 9.956140e-09 9.745611e-01 -1.969072e-08 1.000000e+00 -5.687707e-09 -9.745611e-01 -1.791507e-08 2.241220e-01 3.4888e-02 0
5.300066e+01 5.429647436420293e+00 -2.788085e-02 5.721582e-08 -5.429576e+00 -5.312598e+00 -1.518277e-08 -1.121327e+00 -1.5220e-01 2.0681e-07 2.0609e-03 2.115408e-01 -8.951543e-09 9.773692e-01 -1.975969e-08 1.000000e+00 1.343558e-08 -9.773692e-01 -2.215468e-08 2.115408e-01 3.4885e-02 0
5.350082e+01 5.429030168110483e+00 -3.399761e-02 -5.824365e-08 -5.428924e+00 -5.327194e+00 -2.979506e-08 -1.046603e+00 -1.5223e-01 -1.2919e-07 2.1835e-03 1.989199e-01 8.951656e-09 9.800157e-01 -1.979527e-08 1.000000e+00 -5.116226e-09 -9.800157e-01 -1.838196e-08 1.989199e-01 3.4881e-02 0
5.399909e+01 5.428423182345214e+00 2.985579e-02 -3.697801e-08 -5.428341e+00 -5.340716e+00 -1.572549e-08 -9.718716e-01 -1.5221e-01 -2.1865e-07 2.8090e-04 1.736201e-01 7.418910e-09 9.848127e-01 -1.990245e-08 1.000000e+00 -4.024567e-09 -9.848127e-01 -1.890144e-08 1.736201e-01 3.4874e-02 0
5.449927e+01 5.427848065620915e+00 2.353417e-02 3.935465e-08 -5.427797e+00 -5.353248e+00 -2.831049e-08 -8.968092e-01 -1.5227e-01 1.7065e-07 4.5216e-04 1.609459e-01 -9.003885e-09 9.869632e-01 -1.997274e-08 1.000000e+00 1.237981e-08 -9.869632e-01 -2.170484e-08 1.609459e-01 3.4870e-02 0
5.499946e+01 5.427304708792230e+00 1.712687e-02 -3.951601e-08 -5.427278e+00 -5.364774e+00 -2.111643e-08 -8.214831e-01 -1.5228e-01 -2.6172e-07 5.9120e-04 1.482411e-01 6.382192e-09 9.889513e-01 -2.001459e-08 1.000000e+00 -3.453363e-09 -9.889513e-01 -1.928152e-08 1.482411e-01 3.4867e-02 0
5.549965e+01 5.426771880381211e+00 1.076968e-02 4.119947e-08 -5.426761e+00 -5.375247e+00 -2.596413e-08 -7.460386e-01 -1.5233e-01 7.2906e-08 7.5379e-04 1.355078e-01 -9.500701e-09 9.907763e-01 -2.008751e-08 1.000000e+00 1.233650e-08 -9.907763e-01 -2.157392e-08 1.355078e-01 3.4864e-02 0
5.599985e+01 5.426251560554496e+00 4.404992e-03 -4.155896e-08 -5.426250e+00 -5.384675e+00 -2.549513e-08 -6.704340e-01 -1.5237e-01 -1.9030e-07 9.0590e-04 1.227482e-01 5.425463e-09 9.924378e-01 -2.013258e-08 1.000000e+00 -2.976736e-09 -9.924378e-01 -1.961494e-08 1.227482e-01 3.4861e-02 0
5.650006e+01 5.425756493630663e+00 -2.004564e-03 4.170776e-08 -5.425756e+00 -5.393072e+00 -2.449502e-08 -5.946484e-01 -1.5238e-01 1.0108e-07 1.0441e-03 1.099645e-01 -9.912993e-09 9.939355e-01 -2.020657e-08 1.000000e+00 1.220904e-08 -9.939355e-01 -2.142659e-08 1.099645e-01 3.4858e-02 0
5.700027e+01 5.425264609678842e+00 -8.334613e-03 -4.215261e-08 -5.425258e+00 -5.400400e+00 -2.836367e-08 -5.188176e-01 -1.5245e-01 -9.0754e-08 1.2140e-03 9.715901e-02 4.466567e-09 9.952689e-01 -2.025485e-08 1.000000e+00 -2.510503e-09 -9.952689e-01 -1.991511e-08 9.715901e-02 3.4855e-02 0
5.750050e+01 5.424804721868650e+00 -1.475896e-02 4.172738e-08 -5.424785e+00 -5.406704e+00 -2.385682e-08 -4.427863e-01 -1.5246e-01 1.4855e-07 1.3475e-03 8.433380e-02 -1.038721e-08 9.964376e-01 -2.033074e-08 1.000000e+00 1.214505e-08 -9.964376e-01 -2.128255e-08 8.433380e-02 3.4852e-02 0
5.800072e+01 5.424344916122297e+00 -2.111013e-02 -4.304968e-08 -5.424304e+00 -5.411934e+00 -3.141697e-08 -3.667334e-01 -1.5252e-01 -1.5498e-08 1.5067e-03 7.149112e-02 3.517089e-09 9.974412e-01 -2.038214e-08 1.000000e+00 -2.065231e-09 -9.974412e-01 -2.018234e-08 7.149112e-02 3.4849e-02 0
5.849905e+01 5.423917874885073e+00 -2.721771e-02 4.174724e-08 -5.423850e+00 -5.416114e+00 -2.347079e-08 -2.908467e-01 -1.5255e-01 1.7606e-07 1.6483e-03 5.863319e-02 -1.090646e-08 9.982796e-01 -2.046038e-08 1.000000e+00 1.212698e-08 -9.982796e-01 -2.113622e-08 5.863319e-02 3.4847e-02 0
5.899929e+01 5.423501464925247e+00 -3.361923e-02 -4.383407e-08 -5.423397e+00 -5.419254e+00 -3.428970e-08 -2.146027e-01 -1.5257e-01 -7.1678e-08 1.7935e-03 4.576223e-02 2.569782e-09 9.989524e-01 -2.051502e-08 1.000000e+00 -1.632679e-09 -9.989524e-01 -2.041882e-08 4.576223e-02 3.4844e-02 0
5.949953e+01 5.423094318225517e+00 2.981723e-02 -2.977806e-08 -5.423012e+00 -5.421333e+00 -2.380587e-08 -1.382184e-01 -1.5254e-01 -2.1856e-07 -1.0131e-04 1.999021e-02 1.627461e-09 9.998002e-01 -2.065383e-08 1.000000e+00 -1.214830e-09 -9.998002e-01 -2.062542e-08 1.999021e-02 3.4839e-02 0
5.999978e+01 5.422712963637967e+00 2.347518e-02 3.241930e-08 -5.422662e+00 -5.422359e+00 -3.410095e-08 -6.194107e-02 -1.5259e-01 1.4772e-07 8.0345e-05 7.093652e-03 -1.202990e-08 9.999748e-01 -2.073714e-08 1.000000e+00 1.217731e-08 -9.999748e-01 -2.082300e-08 7.093652e-03 3.4837e-02 0
6.050003e+01 5.422361200224127e+00 1.706322e-02 -3.245247e-08 -5.422334e+00 -5.422342e+00 -2.823729e-08 1.442428e-02 -1.5259e-01 -2.3360e-07 2.2094e-04 -5.806948e-03 7.220346e-10 9.999831e-01 -2.079782e-08 1.000000e+00 -8.428207e-10 -9.999831e-01 -2.080236e-08 -5.806948e-03 3.4835e-02 0
6.100029e+01 5.422017496802177e+00 1.039633e-02 3.055772e-08 -5.422008e+00 -5.421258e+00 -3.284905e-08 9.075721e-02 -1.5263e-01 4.6372e-08 3.9515e-04 -1.865577e-02 -1.204187e-08 9.998260e-01 -2.088390e-08 1.000000e+00 1.165429e-08 -9.998260e-01 -2.066285e-08 -1.865577e-02 3.4833e-02 0
6.150055e+01 5.421680885334990e+00 3.739225e-03 -3.090190e-08 -5.421680e+00 -5.419106e+00 -3.218408e-08 1.670684e-01 -1.5266e-01 -1.4840e-07 5.7462e-04 -3.150422e-02 -8.818957e-10 9.995036e-01 -2.094838e-08 1.000000e+00 2.220435e-10 -9.995036e-01 -2.093099e-08 -3.150422e-02 3.4831e-02 0
6.200082e+01 5.421369133011937e+00 -2.978475e-03 3.091832e-08 -5.421368e+00 -5.415902e+00 -3.186902e-08 2.434136e-01 -1.5266e-01 1.1411e-07 7.2495e-04 -4.435007e-02 -1.251451e-08 9.990161e-01 -2.103507e-08 1.000000e+00 1.159301e-08 -9.990161e-01 -2.050023e-08 -4.435007e-02 3.4829e-02 0
6.249919e+01 5.421055967499067e+00 -9.319938e-03 -3.189548e-08 -5.421048e+00 -5.411642e+00 -3.507413e-08 3.193405e-01 -1.5273e-01 -2.8840e-08 9.0032e-04 -5.719112e-02 -1.828543e-09 9.983632e-01 -2.110343e-08 1.000000e+00 6.226335e-10 -9.983632e-01 -2.103328e-08 -5.719112e-02 3.4827e-02 0
6.299946e+01 5.420770411175869e+00 -1.602568e-02 3.167178e-08 -5.420747e+00 -5.406318e+00 -3.163609e-08 3.955751e-01 -1.5273e-01 1.4365e-07 1.0591e-03 -7.002518e-02 -1.319673e-08 9.975452e-01 -2.119359e-08 1.000000e+00 1.174147e-08 -9.975452e-01 -2.031936e-08 -7.002518e-02 3.4825e-02 0
6.349974e+01 5.420492714721379e+00 -2.271748e-02 -3.313124e-08 -5.420445e+00 -5.399928e+00 -3.784353e-08 4.717235e-01 -1.5276e-01 -2.9352e-08 1.2227e-03 -8.285004e-02 -2.716976e-09 9.965620e-01 -2.126487e-08 1.000000e+00 9.584763e-10 -9.965620e-01 -2.111235e-08 -8.285004e-02 3.4824e-02 0
6.400002e+01 5.420218032843179e+00 -2.936049e-02 3.189163e-08 -5.420139e+00 -5.392472e+00 -3.160818e-08 5.477354e-01 -1.5282e-01 1.0129e-07 1.4044e-03 -9.566353e-02 -1.382009e-08 9.954137e-01 -2.135741e-08 1.000000e+00 1.183122e-08 -9.954137e-01 -2.012765e-08 -9.566353e-02 3.4822e-02 0
6.450031e+01 5.419949935003229e+00 3.360339e-02 2.419251e-08 -5.419846e+00 -5.383934e+00 -4.166536e-08 6.237876e-01 -1.5278e-01 2.1691e-07 -4.7045e-04 -1.212476e-01 -1.453929e-08 9.926223e-01 -2.152773e-08 1.000000e+00 1.201777e-08 -9.926223e-01 -1.991178e-08 -1.212476e-01 3.4819e-02 0
6.500060e+01 5.419726002882209e+00 2.690594e-02 -2.378352e-08 -5.419659e+00 -5.374377e+00 -3.323700e-08 6.996454e-01 -1.5278e-01 -2.5582e-07 -3.0674e-04 -1.340137e-01 -4.517680e-09 9.909795e-01 -2.160534e-08 1.000000e+00 1.637035e-09 -9.909795e-01 -2.119107e-08 -1.340137e-01 3.4818e-02 0
6.550089e+01 5.419510317712637e+00 2.020552e-02 2.596016e-08 -5.419473e+00 -5.363757e+00 -4.023197e-08 7.753733e-01 -1.5279e-01 1.1592e-07 -1.3692e-04 -1.467597e-01 -1.518674e-08 9.891722e-01 -2.170402e-08 1.000000e+00 1.213284e-08 -9.891722e-01 -1.968840e-08 -1.467597e-01 3.4816e-02 0
6.599928e+01 5.419294042891627e+00 1.385563e-02 -2.572727e-08 -5.419276e+00 -5.352123e+00 -3.697132e-08 8.506056e-01 -1.5284e-01 -1.4156e-07 4.5116e-05 -1.594833e-01 -5.467750e-09 9.872006e-01 -2.178579e-08 1.000000e+00 2.019124e-09 -9.872006e-01 -2.118493e-08 -1.594833e-01 3.4815e-02 0
6.649958e+01 5.419101493640517e+00 7.130512e-03 2.737478e-08 -5.419097e+00 -5.339391e+00 -3.952478e-08 9.260487e-01 -1.5283e-01 1.5583e-07 2.0377e-04 -1.721823e-01 -1.590109e-08 9.850651e-01 -2.188773e-08 1.000000e+00 1.231635e-08 -9.850651e-01 -1.944018e-08 -1.721823e-01 3.4814e-02 0
6.699987e+01 5.418902350391942e+00 4.776573e-04 -2.784949e-08 -5.418902e+00 -5.325601e+00 -4.049441e-08 1.001240e+00 -1.5288e-01 -1.4348e-09 3.8770e-04 -1.848546e-01 -6.353124e-09 9.827659e-01 -2.197272e-08 1.000000e+00 2.331547e-09 -9.827659e-01 -2.116304e-08 -1.848546e-01 3.4813e-02 0
6.750018e+01 5.418726186844624e+00 -6.207221e-03 2.851107e-08 -5.418723e+00 -5.310766e+00 -3.904690e-08 1.076272e+00 -1.5290e-01 1.2259e-07 5.6750e-04 -1.974980e-01 -1.660701e-08 9.803033e-01 -2.207760e-08 1.000000e+00 1.249280e-08 -9.803033e-01 -1.917545e-08 -1.974980e-01 3.4812e-02 0
6.800048e+01 5.418558920875314e+00 -1.292585e-02 -2.965163e-08 -5.418544e+00 -5.294873e+00 -4.370923e-08 1.151130e+00 -1.5290e-01 -5.5462e-08 7.2988e-04 -2.101104e-01 -7.245456e-09 9.776777e-01 -2.216607e-08 1.000000e+00 2.647226e-09 -9.776777e-01 -2.111506e-08 -2.101104e-01 3.4811e-02 0
6.850079e+01 5.418385945777834e+00 -1.956738e-02 2.895644e-08 -5.418351e+00 -5.277935e+00 -3.944450e-08 1.225686e+00 -1.5296e-01 2.9528e-08 9.3032e-04 -2.226895e-01 -1.734561e-08 9.748894e-01 -2.227426e-08 1.000000e+00 1.270438e-08 -9.748894e-01 -1.888581e-08 -2.226895e-01 3.4810e-02 0
6.899919e+01 5.418239431342069e+00 -2.600610e-02 -3.065917e-08 -5.418177e+00 -5.260020e+00 -4.590539e-08 1.299812e+00 -1.5295e-01 -1.4490e-07 1.0823e-03 -2.352333e-01 -8.100434e-09 9.719389e-01 -2.236570e-08 1.000000e+00 2.921252e-09 -9.719389e-01 -2.105092e-08 -2.352333e-01 3.4809e-02 0
