0.000000e+00 6.857142858177051e+00 -1.261945e-11 -3.778773e-11 -6.857143e+00 -1.261945e-11 -3.778773e-11 -6.857143e+00 -0.0000e+00 -0.0000e+00 -0.0000e+00 1.000000e+00 0.000000e+00 0.000000e+00 0.000000e+00 1.000000e+00 0.000000e+00 0.000000e+00 0.000000e+00 1.000000e+00 1.0500e-02 0
5.007498e-01 6.856547803895990e+00 7.658961e-03 -2.025852e-09 -6.856544e+00 -5.580074e-02 -2.478036e-11 -6.856321e+00 -2.0248e-01 3.3757e-08 1.8351e-03 9.999572e-01 2.693982e-12 9.255301e-03 7.163820e-15 1.000000e+00 -2.918485e-10 -9.255301e-03 2.918361e-10 9.999572e-01 2.1000e-02 0
9.998022e-01 6.855409136626455e+00 -1.927050e-02 9.372589e-07 -6.855382e+00 -1.670909e-01 1.263885e-07 -6.853373e+00 -2.3202e-01 1.4222e-05 2.6331e-03 9.997675e-01 -2.551797e-09 2.156334e-02 1.236075e-12 1.000000e+00 1.182823e-07 -2.156334e-02 -1.182548e-07 9.997675e-01 2.1000e-02 0
1.500552e+00 6.854403898960458e+00 -8.903629e-03 -1.486349e-06 -6.854398e+00 -2.835288e-01 -2.671367e-07 -6.848537e+00 -2.3074e-01 7.2537e-06 2.1079e-03 9.991970e-01 7.480662e-09 4.006659e-02 -3.542018e-10 1.000000e+00 -1.778725e-07 -4.006659e-02 1.777155e-07 9.991970e-01 2.1000e-02 0
1.999604e+00 6.853439761771807e+00 4.203207e-03 -1.598484e-07 -6.853438e+00 -3.967163e-01 -1.217849e-08 -6.841948e+00 -2.2407e-01 -1.7986e-06 1.6873e-03 9.982875e-01 1.913506e-09 5.849798e-02 -6.541560e-10 1.000000e+00 -2.154724e-08 -5.849798e-02 2.147207e-08 9.982875e-01 2.1000e-02 0
2.500354e+00 6.852465149913654e+00 1.871283e-02 2.484018e-07 -6.852440e+00 -5.081317e-01 -3.017773e-08 -6.833599e+00 -2.2337e-01 2.8320e-06 1.1711e-03 9.970407e-01 -2.451876e-09 7.687614e-02 -6.753079e-10 1.000000e+00 4.065222e-08 -7.687614e-02 -4.058383e-08 9.970407e-01 2.1000e-02 0
2.999407e+00 6.851534734735721e+00 -9.437558e-03 3.865424e-07 -6.851528e+00 -6.200795e-01 2.982280e-08 -6.823418e+00 -2.2752e-01 3.6149e-06 2.0996e-03 9.960200e-01 -3.962173e-09 8.913041e-02 -6.811286e-10 1.000000e+00 5.206518e-08 -8.913041e-02 -5.191866e-08 9.960200e-01 2.1000e-02 0
3.500156e+00 6.850599603849568e+00 2.096116e-03 -3.254748e-07 -6.850599e+00 -7.345176e-01 -4.804118e-09 -6.811108e+00 -2.3176e-01 -3.1525e-06 1.6883e-03 9.942025e-01 5.672672e-09 1.075237e-01 -6.432894e-10 1.000000e+00 -4.680934e-08 -1.075237e-01 4.646880e-08 9.942025e-01 2.1000e-02 0
3.999209e+00 6.849695759932929e+00 1.220142e-02 2.225083e-07 -6.849685e+00 -8.500882e-01 -1.493899e-08 -6.796741e+00 -2.3463e-01 2.7825e-06 1.2019e-03 9.920463e-01 -3.692629e-09 1.258733e-01 -6.760497e-10 1.000000e+00 3.466423e-08 -1.258733e-01 -3.447362e-08 9.920463e-01 2.1000e-02 0
4.499959e+00 6.848884737124409e+00 2.099898e-02 -2.052202e-07 -6.848853e+00 -9.668961e-01 3.804477e-08 -6.780290e+00 -2.3648e-01 -2.5644e-06 6.2294e-04 9.895471e-01 5.765450e-09 1.442104e-01 -6.497346e-10 1.000000e+00 -3.552107e-08 -1.442104e-01 3.505607e-08 9.895471e-01 2.1000e-02 0
5.000708e+00 6.848248252163214e+00 -1.326631e-02 -2.791603e-07 -6.848235e+00 -1.084168e+00 -2.405422e-08 -6.761885e+00 -2.3764e-01 -2.6462e-06 1.5233e-03 9.876938e-01 6.467048e-09 1.564001e-01 -6.491164e-10 1.000000e+00 -3.725010e-08 -1.564001e-01 3.669018e-08 9.876938e-01 2.1000e-02 0
5.499761e+00 6.847809564116429e+00 -5.367417e-03 2.759859e-07 -6.847807e+00 -1.201338e+00 1.580747e-08 -6.741608e+00 -2.3887e-01 2.8464e-06 8.0558e-04 9.846284e-01 -5.970660e-09 1.746622e-01 -6.760104e-10 1.000000e+00 3.799494e-08 -1.746622e-01 -3.752897e-08 9.846284e-01 2.1000e-02 0
6.000511e+00 6.847655260600332e+00 1.399201e-03 -2.622171e-07 -6.847655e+00 -1.319253e+00 -5.694298e-09 -6.719371e+00 -2.4028e-01 -2.8779e-06 -6.4239e-05 9.812266e-01 7.862230e-09 1.928582e-01 -6.496629e-10 1.000000e+00 -3.746154e-08 -1.928582e-01 3.663297e-08 9.812266e-01 2.1000e-02 0
6.499563e+00 6.847894515602770e+00 7.432611e-03 2.464840e-07 -6.847890e+00 -1.437134e+00 -4.447828e-09 -6.695394e+00 -2.4169e-01 2.7632e-06 -1.1339e-03 9.775020e-01 -7.068840e-09 2.109262e-01 -6.753096e-10 1.000000e+00 3.664294e-08 -2.109262e-01 -3.596098e-08 9.775020e-01 2.1000e-02 0
7.000313e+00 6.848676293509632e+00 1.270809e-02 -2.430110e-07 -6.848665e+00 -1.555778e+00 1.578543e-08 -6.669627e+00 -2.4305e-01 -2.9945e-06 -2.4849e-03 9.734331e-01 9.283205e-09 2.289714e-01 -6.477989e-10 1.000000e+00 -3.778907e-08 -2.289714e-01 3.663680e-08 9.734331e-01 2.1000e-02 0
7.499365e+00 6.850181036648217e+00 1.766328e-02 2.513462e-07 -6.850158e+00 -1.674358e+00 -3.235731e-08 -6.642402e+00 -2.4449e-01 2.8755e-06 -4.1815e-03 9.690346e-01 -9.571109e-09 2.469249e-01 -6.759349e-10 1.000000e+00 4.141387e-08 -2.469249e-01 -4.029838e-08 9.690346e-01 2.1000e-02 0
8.000115e+00 6.852555177392099e+00 -2.070648e-02 3.503181e-07 -6.852524e+00 -1.793736e+00 3.978066e-08 -6.613624e+00 -2.4606e-01 3.4929e-06 -4.9180e-03 9.659191e-01 -1.107482e-08 2.588440e-01 -6.789473e-10 1.000000e+00 4.531928e-08 -2.588440e-01 -4.395050e-08 9.659191e-01 2.1000e-02 0
8.499167e+00 6.856032633819398e+00 -1.720660e-02 -4.165304e-07 -6.856011e+00 -1.913244e+00 -4.363557e-08 -6.583668e+00 -2.4763e-01 -3.9886e-06 -7.5451e-03 9.609710e-01 1.566027e-08 2.766490e-01 -6.388572e-10 1.000000e+00 -5.438787e-08 -2.766490e-01 5.208842e-08 9.609710e-01 2.1000e-02 0
8.999917e+00 6.860780951293163e+00 -1.538519e-02 4.557822e-07 -6.860764e+00 -2.033767e+00 4.401267e-08 -6.552412e+00 -2.4935e-01 4.6213e-06 -1.0389e-02 9.557158e-01 -1.700959e-08 2.942913e-01 -6.839348e-10 1.000000e+00 6.001956e-08 -2.942913e-01 -5.756292e-08 9.557158e-01 2.1000e-02 0
9.500667e+00 6.866849238015483e+00 -1.439380e-02 -4.624576e-07 -6.866834e+00 -2.154960e+00 -4.739739e-08 -6.519951e+00 -2.5121e-01 -4.5985e-06 -1.3211e-02 9.501380e-01 1.946185e-08 3.118298e-01 -6.461901e-10 1.000000e+00 -6.044283e-08 -3.118298e-01 5.722753e-08 9.501380e-01 2.1000e-02 0
9.999719e+00 6.874174734186375e+00 -1.424292e-02 4.415427e-07 -6.874160e+00 -2.276432e+00 3.574756e-08 -6.486304e+00 -2.5312e-01 4.5586e-06 -1.5606e-02 9.442597e-01 -1.877126e-08 3.292013e-01 -7.017315e-10 1.000000e+00 5.903342e-08 -3.292013e-01 -5.597389e-08 9.442597e-01 2.1000e-02 0
1.050047e+01 6.882579652918398e+00 -1.537263e-02 -4.162881e-07 -6.882562e+00 -2.398917e+00 -3.549879e-08 -6.450977e+00 -2.5497e-01 -4.6464e-06 -1.7414e-02 9.380667e-01 1.978854e-08 3.464548e-01 -6.618536e-10 1.000000e+00 -5.532519e-08 -3.464548e-01 5.166942e-08 9.380667e-01 2.1000e-02 0
1.099952e+01 6.891719147380656e+00 -1.690310e-02 3.925733e-07 -6.891698e+00 -2.521392e+00 4.265316e-08 -6.413921e+00 -2.5666e-01 4.2565e-06 -1.8537e-02 9.315652e-01 -1.782113e-08 3.635744e-01 -6.866558e-10 1.000000e+00 5.077584e-08 -3.635744e-01 -4.755065e-08 9.315652e-01 2.1000e-02 0
1.150027e+01 6.901311159116643e+00 -2.017220e-02 -3.890127e-07 -6.901282e+00 -2.644433e+00 -3.466099e-08 -6.374564e+00 -2.5805e-01 -4.0826e-06 -1.8854e-02 9.247904e-01 2.012499e-08 3.804769e-01 -6.377745e-10 1.000000e+00 -5.134392e-08 -3.804769e-01 4.723971e-08 9.247904e-01 2.1000e-02 0
1.199932e+01 6.910924836702105e+00 1.874632e-02 -3.119179e-07 -6.910899e+00 -2.766892e+00 4.813462e-08 -6.332866e+00 -2.5893e-01 -4.2839e-06 -2.0064e-02 9.152664e-01 2.155354e-08 4.028492e-01 -6.170159e-10 1.000000e+00 -5.210090e-08 -4.028492e-01 4.743764e-08 9.152664e-01 2.1000e-02 0
1.250007e+01 6.920313637636331e+00 1.432546e-02 3.292937e-07 -6.920299e+00 -2.889246e+00 -1.463573e-08 -6.288323e+00 -2.5957e-01 4.2191e-06 -1.8955e-02 9.078097e-01 -2.027289e-08 4.193823e-01 -6.271103e-10 1.000000e+00 4.969734e-08 -4.193823e-01 -4.537873e-08 9.078097e-01 2.1000e-02 0
1.300082e+01 6.929124680487014e+00 9.893538e-03 -3.541151e-07 -6.929118e+00 -3.010714e+00 2.871204e-08 -6.240863e+00 -2.5985e-01 -4.3550e-06 -1.7357e-02 9.000499e-01 2.457544e-08 4.357869e-01 -5.536200e-10 1.000000e+00 -5.524984e-08 -4.357869e-01 4.948636e-08 9.000499e-01 2.1000e-02 0
1.349988e+01 6.937100359602406e+00 5.928834e-03 3.810899e-07 -6.937098e+00 -3.130564e+00 1.302367e-08 -6.190552e+00 -2.5981e-01 4.5049e-06 -1.5448e-02 8.919971e-01 -2.349305e-08 4.520410e-01 -5.504313e-10 1.000000e+00 5.305720e-08 -4.520410e-01 -4.757569e-08 8.919971e-01 2.1000e-02 0
1.400063e+01 6.944153989907035e+00 1.549005e-03 -4.082268e-07 -6.944154e+00 -3.249339e+00 8.523211e-09 -6.137024e+00 -2.5963e-01 -4.5367e-06 -1.3206e-02 8.836641e-01 2.850785e-08 4.681216e-01 -4.681804e-10 1.000000e+00 -6.001461e-08 -4.681216e-01 5.281359e-08 8.836641e-01 2.1000e-02 0
1.449968e+01 6.950135264624035e+00 -1.486138e-03 4.175739e-07 -6.950135e+00 -3.366050e+00 3.371466e-08 -6.080632e+00 -2.5911e-01 4.3763e-06 -1.0923e-02 8.749976e-01 -2.633349e-08 4.841272e-01 -4.630051e-10 1.000000e+00 5.523057e-08 -4.841272e-01 -4.855077e-08 8.749976e-01 2.1000e-02 0
1.500043e+01 6.955110077605953e+00 -4.506535e-03 -4.072806e-07 -6.955109e+00 -3.481328e+00 1.298820e-09 -6.021122e+00 -2.5855e-01 -4.0331e-06 -8.4090e-03 8.660361e-01 2.969232e-08 4.999814e-01 -3.705622e-10 1.000000e+00 -5.874498e-08 -4.999814e-01 5.069000e-08 8.660361e-01 2.1000e-02 0
1.549948e+01 6.958942706780801e+00 -7.059753e-03 3.797004e-07 -6.958939e+00 -3.594250e+00 4.624451e-08 -5.958880e+00 -2.5789e-01 3.4861e-06 -6.1545e-03 8.568145e-01 -2.440743e-08 5.156248e-01 -3.504479e-10 1.000000e+00 4.791799e-08 -5.156248e-01 -4.123753e-08 8.568145e-01 2.1000e-02 0
1.600023e+01 6.961762354644352e+00 -9.582350e-03 -3.373550e-07 -6.961756e+00 -3.705530e+00 2.338812e-09 -5.893656e+00 -2.5720e-01 -3.1804e-06 -4.0641e-03 8.473072e-01 2.612976e-08 5.311032e-01 -2.539281e-10 1.000000e+00 -4.879392e-08 -5.311032e-01 4.120858e-08 8.473072e-01 2.1000e-02 0
1.649928e+01 6.963615044098851e+00 -1.082274e-02 2.861947e-07 -6.963607e+00 -3.814433e+00 4.751749e-08 -5.825979e+00 -2.5652e-01 2.7400e-06 -2.2837e-03 8.374818e-01 -1.855186e-08 5.464653e-01 -2.130041e-10 1.000000e+00 3.427527e-08 -5.464653e-01 -2.882131e-08 8.374818e-01 2.1000e-02 0
1.700003e+01 6.964625749526018e+00 -1.247271e-02 -2.577914e-07 -6.964615e+00 -3.921678e+00 8.690691e-09 -5.755558e+00 -2.5593e-01 -2.7609e-06 -7.3426e-04 8.274059e-01 2.158509e-08 5.616044e-01 -1.171625e-10 1.000000e+00 -3.826207e-08 -5.616044e-01 3.159246e-08 8.274059e-01 2.1000e-02 0
1.750078e+01 6.964915188329178e+00 -1.414141e-02 2.464934e-07 -6.964901e+00 -4.026974e+00 4.962592e-08 -5.682739e+00 -2.5538e-01 2.4511e-06 5.3208e-04 8.170815e-01 -1.624416e-08 5.765221e-01 -6.326912e-11 1.000000e+00 2.826579e-08 -5.765221e-01 -2.313193e-08 8.170815e-01 2.1000e-02 0
1.799983e+01 6.964622267839565e+00 -1.538160e-02 -2.489061e-07 -6.964605e+00 -4.130025e+00 9.708945e-09 -5.607928e+00 -2.5497e-01 -2.6967e-06 1.5863e-03 8.065097e-01 2.192421e-08 5.912208e-01 3.658407e-11 1.000000e+00 -3.713285e-08 -5.912208e-01 2.996963e-08 8.065097e-01 2.1000e-02 0
1.850058e+01 6.963845232946182e+00 -1.576016e-02 2.599248e-07 -6.963827e+00 -4.231605e+00 5.424811e-08 -5.530701e+00 -2.5468e-01 2.7840e-06 2.3943e-03 7.955754e-01 -1.797200e-08 6.058546e-01 9.832079e-11 1.000000e+00 2.953478e-08 -6.058546e-01 -2.343758e-08 7.955754e-01 2.1000e-02 0
1.899964e+01 6.962729858118523e+00 -1.573100e-02 -2.667606e-07 -6.962712e+00 -4.331113e+00 1.074381e-08 -5.451703e+00 -2.5449e-01 -2.8333e-06 2.9280e-03 7.843870e-01 2.456104e-08 6.202717e-01 2.048307e-10 1.000000e+00 -3.985625e-08 -6.202717e-01 3.138978e-08 7.843870e-01 2.1000e-02 0
1.950039e+01 6.961369418022545e+00 -1.614709e-02 2.740564e-07 -6.961351e+00 -4.429289e+00 6.028576e-08 -5.370481e+00 -2.5444e-01 2.8727e-06 3.3402e-03 7.729427e-01 -1.969473e-08 6.344758e-01 2.736468e-10 1.000000e+00 3.070758e-08 -6.344758e-01 -2.356158e-08 7.729427e-01 2.1000e-02 0
1.999944e+01 6.959852855490345e+00 -1.615079e-02 -2.783106e-07 -6.959834e+00 -4.525534e+00 1.454819e-08 -5.287636e+00 -2.5448e-01 -2.8934e-06 3.5563e-03 7.612408e-01 2.698720e-08 6.484693e-01 3.940314e-10 1.000000e+00 -4.207932e-08 -6.484693e-01 3.228801e-08 7.612408e-01 2.1000e-02 0
2.050019e+01 6.958270335375735e+00 -1.660340e-02 2.816419e-07 -6.958251e+00 -4.620572e+00 6.681894e-08 -5.202677e+00 -2.5467e-01 2.8373e-06 3.6060e-03 7.492792e-01 -2.080206e-08 6.622543e-01 4.763950e-10 1.000000e+00 3.087200e-08 -6.622543e-01 -2.281625e-08 7.492792e-01 2.1000e-02 0
2.099924e+01 6.956708094878775e+00 -1.663165e-02 -2.811536e-07 -6.956688e+00 -4.713807e+00 1.682084e-08 -5.116230e+00 -2.5487e-01 -2.8205e-06 3.5339e-03 7.370562e-01 2.849971e-08 6.758314e-01 6.092141e-10 1.000000e+00 -4.283426e-08 -6.758314e-01 3.198298e-08 7.370562e-01 2.1000e-02 0
2.149999e+01 6.955199718389561e+00 -1.710961e-02 2.802610e-07 -6.955179e+00 -4.805889e+00 6.741425e-08 -5.027747e+00 -2.5519e-01 2.6988e-06 3.3948e-03 7.245735e-01 -2.159475e-08 6.891975e-01 6.965203e-10 1.000000e+00 3.060091e-08 -6.891975e-01 -2.169257e-08 7.245735e-01 2.1000e-02 0
2.200074e+01 6.953801859885905e+00 -1.891540e-02 -2.737696e-07 -6.953776e+00 -4.896542e+00 1.594522e-08 -4.937533e+00 -2.5556e-01 -2.8960e-06 3.1939e-03 7.119608e-01 2.866684e-08 7.022192e-01 8.304924e-10 1.000000e+00 -4.166521e-08 -7.022192e-01 3.024718e-08 7.119608e-01 2.1000e-02 0
2.249979e+01 6.952567515909344e+00 -2.025984e-02 2.689885e-07 -6.952538e+00 -4.985452e+00 6.853875e-08 -4.845974e+00 -2.5599e-01 2.7796e-06 2.9165e-03 6.990915e-01 -2.125430e-08 7.150322e-01 9.169198e-10 1.000000e+00 2.882848e-08 -7.150322e-01 -1.949812e-08 6.990915e-01 2.1000e-02 0
2.300054e+01 6.951502287642226e+00 2.011001e-02 2.042450e-07 -6.951473e+00 -5.073256e+00 1.014758e-08 -4.752416e+00 -2.5637e-01 2.7698e-06 1.0339e-03 6.815389e-01 -2.116112e-08 7.317818e-01 1.065561e-09 1.000000e+00 2.792486e-08 -7.317818e-01 -1.825212e-08 6.815389e-01 2.1000e-02 0
2.349960e+01 6.950644758761606e+00 1.880742e-02 -2.058955e-07 -6.950619e+00 -5.159311e+00 7.291250e-08 -4.657572e+00 -2.5687e-01 -2.9376e-06 7.9083e-04 6.680811e-01 2.904204e-08 7.440885e-01 1.201829e-09 1.000000e+00 -4.010943e-08 -7.440885e-01 2.769062e-08 6.680811e-01 2.1000e-02 0
2.400035e+01 6.949855908470993e+00 1.703871e-02 2.099225e-07 -6.949835e+00 -5.244132e+00 2.163056e-08 -4.560656e+00 -2.5737e-01 2.7060e-06 8.2001e-04 6.543711e-01 -2.134027e-08 7.561735e-01 1.300237e-09 1.000000e+00 2.709620e-08 -7.561735e-01 -1.674777e-08 6.543711e-01 2.1000e-02 0
2.449940e+01 6.949155109204721e+00 1.572015e-02 -2.117212e-07 -6.949137e+00 -5.327067e+00 6.977288e-08 -4.462411e+00 -2.5771e-01 -2.8803e-06 5.4962e-04 6.404159e-01 3.018276e-08 7.680283e-01 1.445695e-09 1.000000e+00 -4.050450e-08 -7.680283e-01 2.705006e-08 6.404159e-01 2.1000e-02 0
2.500015e+01 6.948703175854652e+00 1.263875e-02 2.103582e-07 -6.948692e+00 -5.408731e+00 3.676168e-08 -4.362350e+00 -2.5800e-01 2.8228e-06 1.3805e-04 6.263766e-01 -2.045046e-08 7.795206e-01 1.554636e-09 1.000000e+00 2.498545e-08 -7.795206e-01 -1.443843e-08 6.263766e-01 2.1000e-02 0
2.549920e+01 6.948502753308164e+00 9.993510e-03 -2.128107e-07 -6.948496e+00 -5.488555e+00 6.199846e-08 -4.261156e+00 -2.5838e-01 -2.6549e-06 -1.3715e-04 6.121114e-01 3.022496e-08 7.907715e-01 1.711555e-09 1.000000e+00 -3.954698e-08 -7.907715e-01 2.556061e-08 6.121114e-01 2.1000e-02 0
2.599995e+01 6.948435165040991e+00 6.904727e-03 2.170655e-07 -6.948432e+00 -5.566975e+00 5.100364e-08 -4.158069e+00 -2.5880e-01 2.5810e-06 -1.9072e-04 5.976216e-01 -2.025880e-08 8.017783e-01 1.833084e-09 1.000000e+00 2.390101e-08 -8.017783e-01 -1.281403e-08 5.976216e-01 2.1000e-02 0
2.650070e+01 6.948446483483930e+00 3.806270e-03 -2.212050e-07 -6.948445e+00 -5.643647e+00 5.595367e-08 -4.053413e+00 -2.5925e-01 -2.5749e-06 -2.2434e-04 5.829103e-01 3.124405e-08 8.125365e-01 1.999296e-09 1.000000e+00 -3.988677e-08 -8.125365e-01 2.487491e-08 5.829103e-01 2.1000e-02 0
2.699975e+01 6.948535706371587e+00 1.140733e-03 2.262563e-07 -6.948536e+00 -5.718283e+00 6.209607e-08 -3.947579e+00 -2.5960e-01 2.6947e-06 -2.4056e-04 5.679816e-01 -2.065443e-08 8.230412e-01 2.129777e-09 1.000000e+00 2.362550e-08 -8.230412e-01 -1.166596e-08 5.679816e-01 2.1000e-02 0
2.750050e+01 6.948648272035068e+00 -1.957505e-03 -2.302724e-07 -6.948648e+00 -5.791264e+00 5.117009e-08 -3.839919e+00 -2.5976e-01 -2.7011e-06 -1.3894e-04 5.528486e-01 3.247779e-08 8.332817e-01 2.303225e-09 1.000000e+00 -4.050385e-08 -8.332817e-01 2.431173e-08 5.528486e-01 2.1000e-02 0
2.799955e+01 6.948814381338569e+00 -4.632692e-03 2.342310e-07 -6.948813e+00 -5.862078e+00 7.155873e-08 -3.731228e+00 -2.6002e-01 2.6644e-06 -2.3469e-04 5.375213e-01 -2.105138e-08 8.432502e-01 2.441198e-09 1.000000e+00 2.340846e-08 -8.432502e-01 -1.052400e-08 5.375213e-01 2.1000e-02 0
2.850030e+01 6.949092380304980e+00 -7.756214e-03 -2.392115e-07 -6.949088e+00 -5.931258e+00 4.776439e-08 -3.620782e+00 -2.6036e-01 -2.5898e-06 -2.7988e-04 5.219962e-01 3.385779e-08 8.529478e-01 2.622261e-09 1.000000e+00 -4.129984e-08 -8.529478e-01 2.379501e-08 5.219962e-01 2.1000e-02 0
2.899936e+01 6.949395301858753e+00 -1.087190e-02 2.392895e-07 -6.949387e+00 -5.998214e+00 7.987775e-08 -3.509348e+00 -2.6056e-01 2.5088e-06 -1.1288e-04 5.063358e-01 -2.117770e-08 8.623364e-01 2.765611e-09 1.000000e+00 2.293464e-08 -8.623364e-01 -9.227742e-09 5.063358e-01 2.1000e-02 0
2.950011e+01 6.949645556368610e+00 -1.530582e-02 -2.410997e-07 -6.949629e+00 -6.063279e+00 4.461270e-08 -3.396207e+00 -2.6072e-01 -2.6667e-06 1.6612e-04 4.906082e-01 3.438106e-08 8.713803e-01 2.952875e-09 1.000000e+00 -4.111840e-08 -8.713803e-01 2.274610e-08 4.906082e-01 2.1000e-02 0
2.999916e+01 6.949847059812282e+00 -1.929859e-02 2.432480e-07 -6.949820e+00 -6.125988e+00 8.980341e-08 -3.282172e+00 -2.6089e-01 2.7245e-06 3.8098e-04 4.747111e-01 -2.089842e-08 8.801417e-01 3.103813e-09 1.000000e+00 2.207032e-08 -8.801417e-01 -7.745230e-09 4.747111e-01 2.1000e-02 0
3.049991e+01 6.950019938465094e+00 1.833274e-02 1.933959e-07 -6.949996e+00 -6.186763e+00 4.356361e-08 -3.166503e+00 -2.6099e-01 2.7864e-06 -9.7494e-04 4.532609e-01 -2.073887e-08 8.913779e-01 3.340541e-09 1.000000e+00 2.156743e-08 -8.913779e-01 -6.797988e-09 4.532609e-01 2.1000e-02 0
3.100066e+01 6.950160755368096e+00 1.388033e-02 -2.029233e-07 -6.950147e+00 -6.245354e+00 8.641057e-08 -3.049637e+00 -2.6102e-01 -2.6255e-06 -7.4790e-04 4.369911e-01 3.588996e-08 8.994658e-01 3.543183e-09 1.000000e+00 -4.162281e-08 -8.994658e-01 2.137577e-08 4.369911e-01 2.1000e-02 0
3.149971e+01 6.950266446452330e+00 9.877085e-03 2.092591e-07 -6.950259e+00 -6.301533e+00 6.355500e-08 -2.932045e+00 -2.6107e-01 2.6709e-06 -5.2487e-04 4.205720e-01 -2.058519e-08 9.072592e-01 3.711053e-09 1.000000e+00 2.096912e-08 -9.072592e-01 -5.452135e-09 4.205720e-01 2.1000e-02 0
3.200046e+01 6.950328850096985e+00 5.440699e-03 -2.156666e-07 -6.950327e+00 -6.355648e+00 7.406244e-08 -2.812971e+00 -2.6116e-01 -2.7578e-06 -2.6610e-04 4.040090e-01 3.654576e-08 9.147550e-01 3.919739e-09 1.000000e+00 -4.168260e-08 -9.147550e-01 2.042575e-08 4.040090e-01 2.1000e-02 0
3.249951e+01 6.950342442727593e+00 1.451178e-03 2.203825e-07 -6.950342e+00 -6.407311e+00 7.765445e-08 -2.693254e+00 -2.6127e-01 2.7188e-06 -2.6497e-05 3.873070e-01 -2.051816e-08 9.219508e-01 4.091706e-09 1.000000e+00 2.053625e-08 -9.219508e-01 -4.181485e-09 3.873070e-01 2.1000e-02 0
3.300026e+01 6.950312375848190e+00 -2.983793e-03 -2.261578e-07 -6.950312e+00 -6.456858e+00 6.614819e-08 -2.572124e+00 -2.6136e-01 -2.5170e-06 2.1760e-04 3.704719e-01 3.747023e-08 9.288437e-01 4.306461e-09 1.000000e+00 -4.205838e-08 -9.288437e-01 1.958148e-08 3.704719e-01 2.1000e-02 0
3.349931e+01 6.950243317886994e+00 -6.988141e-03 2.307133e-07 -6.950240e+00 -6.503941e+00 8.894669e-08 -2.450436e+00 -2.6144e-01 2.4282e-06 4.4260e-04 3.535091e-01 -2.066142e-08 9.354311e-01 4.484500e-09 1.000000e+00 2.039286e-08 -9.354311e-01 -3.014119e-09 3.535091e-01 2.1000e-02 0
3.400006e+01 6.950135635850041e+00 -1.143427e-02 -2.347372e-07 -6.950126e+00 -6.548855e+00 6.044094e-08 -2.327421e+00 -2.6152e-01 -2.5743e-06 6.8050e-04 3.364239e-01 3.841976e-08 9.417107e-01 4.704865e-09 1.000000e+00 -4.247864e-08 -9.417107e-01 1.872145e-08 3.364239e-01 2.1000e-02 0
3.450081e+01 6.949990295370601e+00 -1.586705e-02 2.386478e-07 -6.949972e+00 -6.591413e+00 9.853381e-08 -2.203550e+00 -2.6163e-01 2.6761e-06 9.0882e-04 3.192225e-01 -2.065564e-08 9.476798e-01 4.888911e-09 1.000000e+00 2.014920e-08 -9.476798e-01 -1.798956e-09 3.192225e-01 2.1000e-02 0
3.499987e+01 6.949815537743395e+00 -1.986454e-02 -2.409869e-07 -6.949787e+00 -6.631482e+00 5.641583e-08 -2.079274e+00 -2.6175e-01 -2.6626e-06 1.1041e-03 3.019102e-01 3.926604e-08 9.533364e-01 5.114399e-09 1.000000e+00 -4.280770e-08 -9.533364e-01 1.779982e-08 3.019102e-01 2.1000e-02 0
3.550062e+01 6.949617213864993e+00 1.787784e-02 -1.948958e-07 -6.949594e+00 -6.669332e+00 1.039023e-07 -1.953762e+00 -2.6180e-01 -2.6710e-06 -2.8372e-04 2.786627e-01 3.977601e-08 9.603890e-01 5.392286e-09 1.000000e+00 -4.298116e-08 -9.603890e-01 1.715594e-08 2.786627e-01 2.1000e-02 0
3.599967e+01 6.949400472907776e+00 1.385704e-02 2.030408e-07 -6.949387e+00 -6.704687e+00 6.453293e-08 -1.827933e+00 -2.6185e-01 2.6167e-06 -8.6715e-05 2.611103e-01 -2.070801e-08 9.653090e-01 5.582858e-09 1.000000e+00 1.994208e-08 -9.653090e-01 1.821007e-10 2.611103e-01 2.1000e-02 0
3.650042e+01 6.949171941612066e+00 9.397095e-03 -2.113984e-07 -6.949166e+00 -6.737776e+00 8.929749e-08 -1.700990e+00 -2.6191e-01 -2.7358e-06 8.2818e-05 2.434645e-01 4.054548e-08 9.699098e-01 5.814667e-09 1.000000e+00 -4.326293e-08 -9.699098e-01 1.617269e-08 2.434645e-01 2.1000e-02 0
3.699947e+01 6.948946079342620e+00 5.392224e-03 2.171983e-07 -6.948944e+00 -6.768372e+00 8.062623e-08 -1.573846e+00 -2.6202e-01 2.7559e-06 2.3459e-04 2.257312e-01 -2.050773e-08 9.741896e-01 6.010732e-09 1.000000e+00 1.965831e-08 -9.741896e-01 1.418099e-09 2.257312e-01 2.1000e-02 0
3.750022e+01 6.948715798143022e+00 9.446648e-04 -2.235683e-07 -6.948716e+00 -6.796669e+00 7.902932e-08 -1.445662e+00 -2.6218e-01 -2.6304e-06 4.1684e-04 2.079144e-01 4.129580e-08 9.781470e-01 6.247813e-09 1.000000e+00 -4.354643e-08 -9.781470e-01 1.516521e-08 2.079144e-01 2.1000e-02 0
3.799927e+01 6.948480416371098e+00 -3.068969e-03 2.285057e-07 -6.948480e+00 -6.822464e+00 9.314313e-08 -1.317333e+00 -2.6230e-01 2.4988e-06 5.7236e-04 1.900194e-01 -2.034851e-08 9.817803e-01 6.448576e-09 1.000000e+00 1.947804e-08 -9.817803e-01 2.629879e-09 1.900194e-01 2.1000e-02 0
3.850002e+01 6.948246132086733e+00 -7.537403e-03 -2.327883e-07 -6.948242e+00 -6.845924e+00 7.209077e-08 -1.188044e+00 -2.6237e-01 -2.5053e-06 7.3326e-04 1.720535e-01 4.208024e-08 9.850876e-01 6.690697e-09 1.000000e+00 -4.388584e-08 -9.850876e-01 1.414164e-08 1.720535e-01 2.1000e-02 0
3.900077e+01 6.948019711573349e+00 -1.199031e-02 2.370235e-07 -6.948009e+00 -6.866946e+00 1.037375e-07 -1.058313e+00 -2.6249e-01 2.6537e-06 8.8261e-04 1.540240e-01 -2.000505e-08 9.880671e-01 6.897517e-09 1.000000e+00 1.917144e-08 -9.880671e-01 3.862348e-09 1.540240e-01 2.1000e-02 0
3.949983e+01 6.947801277943911e+00 -1.600108e-02 -2.400200e-07 -6.947783e+00 -6.885465e+00 6.578964e-08 -9.286067e-01 -2.6262e-01 -2.6631e-06 1.0208e-03 1.359368e-01 4.265201e-08 9.907175e-01 7.144054e-09 1.000000e+00 -4.403188e-08 -9.907175e-01 1.306329e-08 1.359368e-01 2.1000e-02 0
4.000058e+01 6.947586730332668e+00 -2.046017e-02 2.430596e-07 -6.947557e+00 -6.901596e+00 1.093491e-07 -7.980840e-01 -2.6275e-01 2.5446e-06 1.1734e-03 1.177971e-01 -1.995621e-08 9.930377e-01 7.351759e-09 1.000000e+00 1.922403e-08 -9.930377e-01 5.036039e-09 1.177971e-01 2.1000e-02 0
4.049963e+01 6.947381460841372e+00 1.786485e-02 1.949827e-07 -6.947358e+00 -6.915227e+00 6.347077e-08 -6.676443e-01 -2.6277e-01 2.6670e-06 -2.9727e-04 9.354026e-02 -1.958259e-08 9.956155e-01 7.656733e-09 1.000000e+00 1.894946e-08 -9.956155e-01 5.850625e-09 9.354026e-02 2.1000e-02 0
4.100038e+01 6.947183376691879e+00 1.337830e-02 -2.046017e-07 -6.947170e+00 -6.926438e+00 1.039285e-07 -5.364821e-01 -2.6280e-01 -2.6862e-06 -1.3111e-04 7.530285e-02 4.367408e-08 9.971607e-01 7.908840e-09 1.000000e+00 -4.439569e-08 -9.971607e-01 1.122951e-08 7.530285e-02 2.1000e-02 0
4.149943e+01 6.946989974368329e+00 9.354370e-03 2.117250e-07 -6.946984e+00 -6.935142e+00 8.047175e-08 -4.055490e-01 -2.6288e-01 2.7419e-06 1.4841e-05 5.703337e-02 -1.933706e-08 9.983723e-01 8.123880e-09 1.000000e+00 1.890449e-08 -9.983723e-01 7.032470e-09 5.703337e-02 2.1000e-02 0
4.200018e+01 6.946802561044704e+00 4.894413e-03 -2.187170e-07 -6.946801e+00 -6.941397e+00 8.883807e-08 -2.739973e-01 -2.6299e-01 -2.7329e-06 1.7226e-04 3.873819e-02 4.390935e-08 9.992494e-01 8.374921e-09 1.000000e+00 -4.426701e-08 -9.992494e-01 1.008346e-08 3.873819e-02 2.1000e-02 0
4.249923e+01 6.946620488977970e+00 8.757300e-04 2.240946e-07 -6.946620e+00 -6.945154e+00 9.208353e-08 -1.427520e-01 -2.6309e-01 2.6179e-06 3.2371e-04 2.042382e-02 -1.917614e-08 9.997914e-01 8.587709e-09 1.000000e+00 1.900471e-08 -9.997914e-01 8.197769e-09 2.042382e-02 2.1000e-02 0
4.299998e+01 6.946435317042822e+00 -3.602714e-03 -2.293032e-07 -6.946434e+00 -6.946427e+00 7.861942e-08 -1.096118e-02 -2.6316e-01 -2.4506e-06 5.0393e-04 2.096599e-03 4.431410e-08 9.999978e-01 8.838353e-09 1.000000e+00 -4.433273e-08 -9.999978e-01 8.931281e-09 2.096599e-03 2.1000e-02 0
4.350073e+01 6.946248840367376e+00 -8.523536e-03 2.311866e-07 -6.946244e+00 -6.945197e+00 1.018866e-07 1.208571e-01 -2.6328e-01 2.6449e-06 6.8668e-04 -1.617201e-02 -1.845450e-08 9.998692e-01 9.049172e-09 1.000000e+00 1.860328e-08 -9.998692e-01 9.348841e-09 -1.617201e-02 2.1000e-02 0
4.399978e+01 6.946065511078712e+00 -1.388750e-02 -2.345164e-07 -6.946052e+00 -6.941485e+00 6.924609e-08 2.522220e-01 -2.6339e-01 -2.3941e-06 8.8055e-04 -3.431341e-02 4.404355e-08 9.994111e-01 9.298190e-09 1.000000e+00 -4.375026e-08 -9.994111e-01 7.791494e-09 -3.431341e-02 2.1000e-02 0
4.450053e+01 6.945881725615688e+00 -1.969820e-02 2.383561e-07 -6.945854e+00 -6.935260e+00 1.092033e-07 3.839783e-01 -2.6351e-01 2.6778e-06 1.0973e-03 -5.244959e-02 -1.804309e-08 9.986236e-01 9.506772e-09 1.000000e+00 1.856727e-08 -9.986236e-01 1.046753e-08 -5.244959e-02 2.1000e-02 0
4.499959e+01 6.945698672888917e+00 1.694630e-02 1.938989e-07 -6.945678e+00 -6.926563e+00 6.468255e-08 5.152294e-01 -2.6352e-01 2.6929e-06 -2.9645e-04 -7.661251e-02 -1.782153e-08 9.970609e-01 9.809165e-09 1.000000e+00 1.862778e-08 -9.970609e-01 1.120746e-08 -7.661251e-02 2.1000e-02 0
4.550034e+01 6.945515685460546e+00 1.112726e-02 -2.049286e-07 -6.945507e+00 -6.915338e+00 9.642240e-08 6.467509e-01 -2.6359e-01 -2.6933e-06 -6.5292e-05 -9.471276e-02 4.412905e-08 9.955046e-01 1.005373e-08 1.000000e+00 -4.337180e-08 -9.955046e-01 5.900670e-09 -9.471276e-02 2.1000e-02 0
4.599939e+01 6.945328368560576e+00 5.738792e-03 2.128670e-07 -6.945326e+00 -6.901656e+00 8.291338e-08 7.776429e-01 -2.6363e-01 2.7150e-06 1.5284e-04 -1.127874e-01 -1.744299e-08 9.936191e-01 1.025804e-08 1.000000e+00 1.871942e-08 -9.936191e-01 1.230390e-08 -1.127874e-01 2.1000e-02 0
4.650014e+01 6.945134057930841e+00 -8.035539e-05 -2.204724e-07 -6.945134e+00 -6.885429e+00 7.949704e-08 9.087136e-01 -2.6373e-01 -2.4702e-06 3.9093e-04 -1.308303e-01 4.419395e-08 9.914048e-01 1.050024e-08 1.000000e+00 -4.319144e-08 -9.914048e-01 4.759238e-09 -1.308303e-01 2.1000e-02 0
4.699919e+01 6.944935960590203e+00 -5.450999e-03 2.261648e-07 -6.944934e+00 -6.866770e+00 9.503215e-08 1.039044e+00 -2.6383e-01 2.6419e-06 6.0101e-04 -1.488356e-01 -1.707037e-08 9.888620e-01 1.070166e-08 1.000000e+00 1.887337e-08 -9.888620e-01 1.339150e-08 -1.488356e-01 2.1000e-02 0
4.749994e+01 6.944731953856231e+00 -1.128418e-02 -2.311289e-07 -6.944723e+00 -6.845554e+00 6.675857e-08 1.169487e+00 -2.6391e-01 -2.5390e-06 8.2994e-04 -1.667972e-01 4.413545e-08 9.859912e-01 1.093991e-08 1.000000e+00 -4.291185e-08 -9.859912e-01 3.629074e-09 -1.667972e-01 2.1000e-02 0
4.800069e+01 6.944520814848482e+00 -1.709527e-02 2.354143e-07 -6.944500e+00 -6.821850e+00 1.029327e-07 1.299512e+00 -2.6404e-01 2.4626e-06 1.0591e-03 -1.847090e-01 -1.666478e-08 9.827933e-01 1.113757e-08 1.000000e+00 1.904978e-08 -9.827933e-01 1.446460e-08 -1.847090e-01 2.1000e-02 0
4.849974e+01 6.944303317133871e+00 1.963736e-02 1.868146e-07 -6.944276e+00 -6.795747e+00 5.428544e-08 1.428698e+00 -2.6407e-01 2.8351e-06 -3.4131e-04 -2.085032e-01 -1.631469e-08 9.780217e-01 1.142486e-08 1.000000e+00 1.911697e-08 -9.780217e-01 1.515971e-08 -2.085032e-01 2.1000e-02 0
4.900049e+01 6.944084965932197e+00 1.379535e-02 -1.990698e-07 -6.944071e+00 -6.767088e+00 9.605250e-08 1.557832e+00 -2.6411e-01 -2.6202e-06 -1.0041e-04 -2.262749e-01 4.401272e-08 9.740635e-01 1.165697e-08 1.000000e+00 -4.247674e-08 -9.740635e-01 1.743212e-09 -2.262749e-01 2.1000e-02 0
4.949954e+01 6.943859414899473e+00 8.408470e-03 2.089305e-07 -6.943854e+00 -6.736070e+00 7.274180e-08 1.685983e+00 -2.6416e-01 2.7690e-06 1.2381e-04 -2.439766e-01 -1.614368e-08 9.697811e-01 1.184704e-08 1.000000e+00 1.962719e-08 -9.697811e-01 1.627761e-08 -2.439766e-01 2.1000e-02 0
5.000029e+01 6.943625271019320e+00 2.566246e-03 -2.173495e-07 -6.943625e+00 -6.702490e+00 7.539127e-08 1.813989e+00 -2.6420e-01 -2.6316e-06 3.6022e-04 -2.616020e-01 4.384498e-08 9.651758e-01 1.207105e-08 1.000000e+00 -4.215518e-08 -9.651758e-01 6.228100e-10 -2.616020e-01 2.1000e-02 0
5.049935e+01 6.943386359163934e+00 -2.805564e-03 2.236173e-07 -6.943386e+00 -6.666596e+00 8.395829e-08 1.940906e+00 -2.6431e-01 2.5313e-06 5.7997e-04 -2.791451e-01 -1.588938e-08 9.602489e-01 1.225270e-08 1.000000e+00 2.010902e-08 -9.602489e-01 1.737897e-08 -2.791451e-01 2.1000e-02 0
5.100010e+01 6.943140300909927e+00 -8.644352e-03 -2.296203e-07 -6.943135e+00 -6.628142e+00 5.989650e-08 2.067589e+00 -2.6438e-01 -2.6441e-06 8.1237e-04 -2.966000e-01 4.353490e-08 9.550018e-01 1.246842e-08 1.000000e+00 -4.171381e-08 -9.550018e-01 -4.649516e-10 -2.966000e-01 2.1000e-02 0
5.150085e+01 6.942885965743338e+00 -1.448480e-02 2.340933e-07 -6.942871e+00 -6.587263e+00 9.057795e-08 2.193543e+00 -2.6446e-01 2.4780e-06 1.0456e-03 -3.139610e-01 -1.563172e-08 9.494359e-01 1.264144e-08 1.000000e+00 2.064451e-08 -9.494359e-01 1.848381e-08 -3.139610e-01 2.1000e-02 0
5.199990e+01 6.942623105093051e+00 -1.985894e-02 -2.379223e-07 -6.942595e+00 -6.544126e+00 4.771625e-08 2.318280e+00 -2.6459e-01 -2.6596e-06 1.2618e-03 -3.312223e-01 4.311057e-08 9.435527e-01 1.284751e-08 1.000000e+00 -4.117967e-08 -9.435527e-01 -1.517318e-09 -3.312223e-01 2.1000e-02 0
5.250065e+01 6.942353137210907e+00 1.647731e-02 -1.949984e-07 -6.942334e+00 -6.498429e+00 8.853638e-08 2.442679e+00 -2.6455e-01 -2.7745e-06 -1.1685e-04 -3.540724e-01 4.280092e-08 9.352180e-01 1.308869e-08 1.000000e+00 -4.081035e-08 -9.352180e-01 -2.209041e-09 -3.540724e-01 2.1000e-02 0
5.299970e+01 6.942080628950686e+00 1.108932e-02 2.051042e-07 -6.942072e+00 -6.450533e+00 5.472988e-08 2.565756e+00 -2.6462e-01 2.6824e-06 1.0628e-04 -3.710785e-01 -1.521971e-08 9.286015e-01 1.324424e-08 1.000000e+00 2.168246e-08 -9.286015e-01 2.034451e-08 -3.710785e-01 2.1000e-02 0
5.350045e+01 6.941799751639008e+00 5.236570e-03 -2.143333e-07 -6.941798e+00 -6.400106e+00 6.474886e-08 2.688351e+00 -2.6466e-01 -2.7412e-06 3.4859e-04 -3.879654e-01 4.225600e-08 9.216739e-01 1.343197e-08 1.000000e+00 -4.019303e-08 -9.216739e-01 -3.213613e-09 -3.879654e-01 2.1000e-02 0
5.399950e+01 6.941510238336132e+00 -1.594091e-04 2.214057e-07 -6.941510e+00 -6.347512e+00 6.573815e-08 2.809566e+00 -2.6472e-01 2.4794e-06 5.7829e-04 -4.047275e-01 -1.501217e-08 9.144373e-01 1.357544e-08 1.000000e+00 2.242530e-08 -9.144373e-01 2.149002e-08 -4.047275e-01 2.1000e-02 0
5.450025e+01 6.941210981999463e+00 -5.992484e-03 -2.278357e-07 -6.941208e+00 -6.292415e+00 4.612915e-08 2.930175e+00 -2.6483e-01 -2.5709e-06 8.1406e-04 -4.213590e-01 4.159898e-08 9.068939e-01 1.375007e-08 1.000000e+00 -3.948121e-08 -9.068939e-01 -4.165910e-09 -4.213590e-01 2.1000e-02 0
5.499931e+01 6.940904906098314e+00 -1.139978e-02 2.326712e-07 -6.940896e+00 -6.235193e+00 7.098052e-08 3.049349e+00 -2.6487e-01 2.5639e-06 1.0301e-03 -4.378542e-01 -1.484595e-08 8.990460e-01 1.387942e-08 1.000000e+00 2.327256e-08 -8.990460e-01 2.266822e-08 -4.378542e-01 2.1000e-02 0
5.550006e+01 6.940589097225467e+00 -1.723251e-02 -2.372440e-07 -6.940568e+00 -6.175497e+00 3.107709e-08 3.167810e+00 -2.6499e-01 -2.4439e-06 1.2635e-03 -4.542074e-01 4.084956e-08 8.908960e-01 1.403902e-08 1.000000e+00 -3.869468e-08 -8.908960e-01 -5.068105e-09 -4.542074e-01 2.1000e-02 0
5.600081e+01 6.940263079284193e+00 1.918481e-02 -1.896536e-07 -6.940237e+00 -6.113506e+00 7.547936e-08 3.285163e+00 -2.6502e-01 -2.8645e-06 -1.2605e-04 -4.757816e-01 4.032990e-08 8.795635e-01 1.421476e-08 1.000000e+00 -3.816300e-08 -8.795635e-01 -5.654475e-09 -4.757816e-01 2.1000e-02 0
5.649986e+01 6.939936106984454e+00 1.376932e-02 2.013904e-07 -6.939922e+00 -6.049489e+00 2.997199e-08 3.400941e+00 -2.6503e-01 2.6197e-06 1.0527e-04 -4.917822e-01 -1.449006e-08 8.707182e-01 1.431876e-08 1.000000e+00 2.472875e-08 -8.707182e-01 2.462877e-08 -4.917822e-01 2.1000e-02 0
5.700061e+01 6.939598437014724e+00 7.918845e-03 -2.113128e-07 -6.939594e+00 -5.983033e+00 4.790939e-08 3.515871e+00 -2.6509e-01 -2.7057e-06 3.5268e-04 -5.076224e-01 3.950579e-08 8.615796e-01 1.445263e-08 1.000000e+00 -3.733759e-08 -8.615796e-01 -6.501312e-09 -5.076224e-01 2.1000e-02 0
5.749966e+01 6.939251105270300e+00 2.503399e-03 2.190485e-07 -6.939251e+00 -5.914595e+00 4.060788e-08 3.629155e+00 -2.6512e-01 2.6300e-06 5.8680e-04 -5.232969e-01 -1.430840e-08 8.521504e-01 1.454022e-08 1.000000e+00 2.571993e-08 -8.521504e-01 2.584961e-08 -5.232969e-01 2.1000e-02 0
5.800041e+01 6.938892464449996e+00 -3.340676e-03 -2.261604e-07 -6.938892e+00 -5.843755e+00 2.594930e-08 3.741491e+00 -2.6521e-01 -2.4480e-06 8.2741e-04 -5.388003e-01 3.851056e-08 8.424335e-01 1.465591e-08 1.000000e+00 -3.633990e-08 -8.424335e-01 -7.233321e-09 -5.388003e-01 2.1000e-02 0
5.849946e+01 6.938525076497952e+00 -8.743040e-03 2.313362e-07 -6.938520e+00 -5.771001e+00 4.501731e-08 3.852100e+00 -2.6529e-01 2.6439e-06 1.0502e-03 -5.541271e-01 -1.417862e-08 8.324320e-01 1.472422e-08 1.000000e+00 2.683427e-08 -8.324320e-01 2.712651e-08 -5.541271e-01 2.1000e-02 0
5.900021e+01 6.938144506380484e+00 -1.460409e-02 -2.366731e-07 -6.938129e+00 -5.695863e+00 8.126665e-09 3.961691e+00 -2.6535e-01 -2.5154e-06 1.2908e-03 -5.692723e-01 3.747055e-08 8.221491e-01 1.482034e-08 1.000000e+00 -3.531445e-08 -8.221491e-01 -7.919010e-09 -5.692723e-01 2.1000e-02 0
5.949926e+01 6.937753325485744e+00 -1.999332e-02 2.398243e-07 -6.937725e+00 -5.618892e+00 4.517223e-08 4.069457e+00 -2.6548e-01 2.6428e-06 1.5106e-03 -5.842305e-01 -1.404919e-08 8.115878e-01 1.486879e-08 1.000000e+00 2.801420e-08 -8.115878e-01 2.843408e-08 -5.842305e-01 2.1000e-02 0
6.000001e+01 6.937352255856547e+00 1.646159e-02 1.972417e-07 -6.937333e+00 -5.539543e+00 -2.451779e-09 4.176161e+00 -2.6543e-01 2.7730e-06 1.2675e-04 -6.038751e-01 -1.394955e-08 7.970790e-01 1.494166e-08 1.000000e+00 2.882079e-08 -7.970790e-01 2.931384e-08 -6.038751e-01 2.1000e-02 0
6.050076e+01 6.936944202981314e+00 1.060223e-02 -2.080129e-07 -6.936936e+00 -5.458165e+00 2.411731e-08 4.281311e+00 -2.6548e-01 -2.5994e-06 3.8140e-04 -6.183773e-01 3.555691e-08 7.858814e-01 1.500221e-08 1.000000e+00 -3.344001e-08 -7.858814e-01 -8.888578e-09 -6.183773e-01 2.1000e-02 0
6.099982e+01 6.936525109868008e+00 5.185400e-03 2.167900e-07 -6.936523e+00 -5.375042e+00 8.050978e-09 4.384553e+00 -2.6553e-01 2.7259e-06 6.2022e-04 -6.326756e-01 -1.381376e-08 7.744169e-01 1.501442e-08 1.000000e+00 3.010396e-08 -7.744169e-01 3.067346e-08 -6.326756e-01 2.1000e-02 0
6.150057e+01 6.936092723260398e+00 -6.822007e-04 -2.244689e-07 -6.936093e+00 -5.289642e+00 -6.355976e-10 4.486544e+00 -2.6558e-01 -2.5673e-06 8.6744e-04 -6.467652e-01 3.434927e-08 7.626892e-01 1.505267e-08 1.000000e+00 -3.227229e-08 -7.626892e-01 -9.392084e-09 -6.467652e-01 2.1000e-02 0
6.199962e+01 6.935649556342640e+00 -6.079507e-03 2.303205e-07 -6.935647e+00 -5.202587e+00 1.199080e-08 4.586537e+00 -2.6569e-01 2.5515e-06 1.0954e-03 -6.606411e-01 -1.368459e-08 7.507019e-01 1.504165e-08 1.000000e+00 3.146618e-08 -7.507019e-01 3.207964e-08 -6.606411e-01 2.1000e-02 0
6.250037e+01 6.935191979013392e+00 -1.194998e-02 -2.362308e-07 -6.935182e+00 -5.113289e+00 -2.182893e-08 4.685207e+00 -2.6575e-01 -2.6568e-06 1.3383e-03 -6.742985e-01 3.300040e-08 7.384589e-01 1.505520e-08 1.000000e+00 -3.094105e-08 -7.384589e-01 -9.745859e-09 -6.742985e-01 2.1000e-02 0
6.299942e+01 6.934723224125749e+00 -1.735675e-02 2.394723e-07 -6.934702e+00 -5.022408e+00 1.057965e-08 4.781821e+00 -2.6585e-01 2.4290e-06 1.5626e-03 -6.877326e-01 -1.360590e-08 7.259641e-01 1.501833e-08 1.000000e+00 3.296926e-08 -7.259641e-01 3.357680e-08 -6.877326e-01 2.1000e-02 0
6.350017e+01 6.934237726469095e+00 1.917755e-02 1.928382e-07 -6.934211e+00 -4.929324e+00 -4.261635e-08 4.877029e+00 -2.6586e-01 2.8511e-06 1.6593e-04 -7.052893e-01 -1.354076e-08 7.089197e-01 1.497302e-08 1.000000e+00 3.399691e-08 -7.089197e-01 3.459232e-08 -7.052893e-01 2.1000e-02 0
6.399922e+01 6.933750538704167e+00 1.374470e-02 -2.035825e-07 -6.933737e+00 -4.834733e+00 -5.255493e-09 4.970136e+00 -2.6588e-01 -2.6188e-06 4.1434e-04 -7.181842e-01 3.061372e-08 6.958531e-01 1.494145e-08 1.000000e+00 -2.857357e-08 -6.958531e-01 -1.012403e-08 -7.181842e-01 2.1000e-02 0
6.449997e+01 6.933247986731305e+00 7.876752e-03 2.145191e-07 -6.933244e+00 -4.738030e+00 -3.206773e-08 5.061719e+00 -2.6594e-01 2.6783e-06 6.7203e-04 -7.308405e-01 -1.342744e-08 6.825483e-01 1.485893e-08 1.000000e+00 3.558275e-08 -6.825483e-01 3.614725e-08 -7.308405e-01 2.1000e-02 0
6.500072e+01 6.932730954037797e+00 1.996850e-03 -2.227369e-07 -6.932731e+00 -4.639548e+00 -3.463702e-08 5.151442e+00 -2.6598e-01 -2.7017e-06 9.2655e-04 -7.432537e-01 2.914863e-08 6.690097e-01 1.479954e-08 1.000000e+00 -2.712788e-08 -6.690097e-01 -1.026186e-08 -7.432537e-01 2.1000e-02 0
6.549977e+01 6.932201662431971e+00 -3.879758e-03 2.264084e-07 -6.932201e+00 -4.539682e+00 -2.890051e-08 5.238960e+00 -2.6605e-01 2.4897e-06 1.1766e-03 -7.553760e-01 -1.303440e-08 6.552916e-01 1.468702e-08 1.000000e+00 3.682119e-08 -6.552916e-01 3.743812e-08 -7.553760e-01 2.1000e-02 0
6.600052e+01 6.931656057222336e+00 -1.110650e-02 -2.334417e-07 -6.931647e+00 -4.437781e+00 -6.028558e-08 5.324843e+00 -2.6613e-01 -2.5323e-06 1.4738e-03 -7.671653e-01 2.723924e-08 6.414495e-01 1.459985e-08 1.000000e+00 -2.500391e-08 -6.414495e-01 -9.817069e-09 -7.671653e-01 2.1000e-02 0
6.649958e+01 6.931097693859064e+00 -1.787845e-02 2.373676e-07 -6.931075e+00 -4.334574e+00 -2.957501e-08 5.408474e+00 -2.6622e-01 2.4750e-06 1.7512e-03 -7.787042e-01 -1.288176e-08 6.273913e-01 1.445751e-08 1.000000e+00 3.847660e-08 -6.273913e-01 3.903240e-08 -7.787042e-01 2.1000e-02 0
6.700033e+01 6.930523834384938e+00 1.690331e-02 1.959020e-07 -6.930503e+00 -4.229372e+00 -7.868385e-08 5.490408e+00 -2.6624e-01 2.6655e-06 4.3298e-04 -7.936927e-01 -1.279702e-08 6.083188e-01 1.426961e-08 1.000000e+00 3.965470e-08 -6.083188e-01 4.015412e-08 -7.936927e-01 2.1000e-02 0
6.749938e+01 6.929945795948275e+00 1.011045e-02 -2.077041e-07 -6.929938e+00 -4.122955e+00 -5.427996e-08 5.570044e+00 -2.6626e-01 -2.6114e-06 7.3210e-04 -8.046316e-01 2.450284e-08 5.937743e-01 1.412984e-08 1.000000e+00 -2.211871e-08 -5.937743e-01 -9.407478e-09 -8.046316e-01 2.1000e-02 0
6.800013e+01 6.929350036187303e+00 2.870187e-03 2.186949e-07 -6.929349e+00 -4.014635e+00 -6.851077e-08 5.647884e+00 -2.6631e-01 2.5709e-06 1.0435e-03 -8.153069e-01 -1.264226e-08 5.790291e-01 1.393402e-08 1.000000e+00 4.145348e-08 -5.790291e-01 4.186551e-08 -8.153069e-01 2.1000e-02 0
6.849918e+01 6.928740437958789e+00 -3.911170e-03 -2.267387e-07 -6.928739e+00 -3.905188e+00 -8.592176e-08 5.723369e+00 -2.6638e-01 -2.5157e-06 1.3305e-03 -8.257148e-01 2.283154e-08 5.640878e-01 1.376124e-08 1.000000e+00 -2.033137e-08 -5.640878e-01 -9.025366e-09 -8.257148e-01 2.1000e-02 0
6.899993e+01 6.928113468482403e+00 -1.114544e-02 2.329616e-07 -6.928105e+00 -3.793903e+00 -6.714343e-08 5.796987e+00 -2.6646e-01 2.5285e-06 1.6293e-03 -8.358517e-01 -1.245599e-08 5.489553e-01 1.353252e-08 1.000000e+00 4.329528e-08 -5.489553e-01 4.361718e-08 -8.358517e-01 2.1000e-02 0
6.950068e+01 6.927471034234359e+00 -1.837981e-02 -2.393150e-07 -6.927447e+00 -3.681193e+00 -1.116510e-07 5.868447e+00 -2.6654e-01 -2.6117e-06 1.9250e-03 -8.457141e-01 2.112319e-08 5.336363e-01 1.332611e-08 1.000000e+00 -1.846408e-08 -5.336363e-01 -8.504036e-09 -8.457141e-01 2.1000e-02 0
